                                                         Overall                                                       Volmer_fwd                                                       Volmer_rev                                                            Tafel                                                        Heyrovsky
configuration                    1                    0         0.0000000000000000E+00
        0.0000000000000000E+00         0.0000000000000000E+00         0.0000000000000000E+00         0.0000000000000000E+00         0.0000000000000000E+00
                             0                              0                              0                              0                              0
configuration                    2                 5000         2.5079786163896534E-01
        5.0159572327793067E-05         5.0441204723099374E-05         5.1072170903376061E-05         0.0000000000000000E+00         4.7279291568156133E-05
                          5000                           2543                           1677                              0                            780
configuration                    3                10000         5.1203889196689878E-01
        5.1203889196689876E-05         5.1481046235824723E-05         5.3093390194732043E-05         0.0000000000000000E+00         4.6330083609574456E-05
                         10000                           5041                           3367                              0                           1592
configuration                    4                15000         7.6729893860831022E-01
        5.1153262573887346E-05         5.1715877197726310E-05         5.2332528900456180E-05         0.0000000000000000E+00         4.6874153968829601E-05
                         15000                           7539                           5072                              0                           2389
configuration                    5                20000         1.0311560279024006E+00
        5.1557801395120032E-05         5.2077357961602488E-05         5.2800435881362345E-05         0.0000000000000000E+00         4.7211582486071779E-05
                         20000                          10039                           6813                              0                           3148
configuration                    6                25000         1.2959908468372410E+00
        5.1839633873489636E-05         5.2284313238099565E-05         5.3094252253741241E-05         0.0000000000000000E+00         4.7686803423775205E-05
                         25000                          12541                           8537                              0                           3922
configuration                    7                30000         1.5591147378940182E+00
        5.1970491263133938E-05         5.2381080370073395E-05         5.3172664942904258E-05         0.0000000000000000E+00         4.8041693813032332E-05
                         30000                          15044                          10248                              0                           4708
configuration                    8                35000         1.8235581155281639E+00
        5.2101660443661824E-05         5.2600618399296869E-05         5.3140307634570022E-05         0.0000000000000000E+00         4.8208814146841777E-05
                         35000                          17540                          12008                              0                           5452
configuration                    9                40000         2.0873731580848678E+00
        5.2184328952121693E-05         5.2715661205517380E-05         5.3163417022639659E-05         1.4705822160498982E-04         4.8274967741871243E-05
                         40000                          20041                          13763                              1                           6195
configuration                   10                45000         2.3435885867388206E+00
        5.2079746371973795E-05         5.2635217588532641E-05         5.3001833797908128E-05         1.4705822160498982E-04         4.8213941849184148E-05
                         45000                          22542                          15497                              1                           6960
configuration                   11                50000         2.6027262434974934E+00
        5.2054524869949864E-05         5.2648834969992793E-05         5.2994217534642488E-05         1.4705822160498982E-04         4.8031758641022813E-05
                         50000                          25043                          17212                              1                           7744
configuration                   12                55000         2.8627583805759720E+00
        5.2050152374108582E-05         5.2611738017907341E-05         5.2868584148378597E-05         1.4705822160498982E-04         4.8401922463029458E-05
                         55000                          27543                          18941                              1                           8515
configuration                   13                60000         3.1229424941503736E+00
        5.2049041569172891E-05         5.2601496047082987E-05         5.2900619196098114E-05         1.4705822160498982E-04         4.8344091710109426E-05
                         60000                          30042                          20695                              1                           9262
configuration                   14                65000         3.3822988688817937E+00
        5.2035367213566059E-05         5.2654486516707456E-05         5.2744910517568286E-05         1.4705822160498982E-04         4.8425929642507016E-05
                         65000                          32544                          22436                              1                          10019
configuration                   15                70000         3.6470884570146582E+00
        5.2101263671637978E-05         5.2673016709548095E-05         5.2839963872006922E-05         1.4705822160498982E-04         4.8583883213534107E-05
                         70000                          35043                          24159                              1                          10797
configuration                   16                75000         3.9080495876103276E+00
        5.2107327834804369E-05         5.2716097006342190E-05         5.2812752282959595E-05         1.4705822160498982E-04         4.8532151737943982E-05
                         75000                          37542                          25923                              1                          11534
configuration                   17                80000         4.1675955165821943E+00
        5.2094943957277429E-05         5.2726977940240143E-05         5.2805149610432062E-05         1.4705822160498982E-04         4.8418468399184256E-05
                         80000                          40040                          27699                              1                          12260
configuration                   18                85000         4.4210372572854419E+00
        5.2012203026887555E-05         5.2622897381450824E-05         5.2719564127059127E-05         1.4705822160498982E-04         4.8419447214071702E-05
                         85000                          42539                          29412                              1                          13048
configuration                   19                90000         4.6827365378976040E+00
        5.2030405976640043E-05         5.2655002711973783E-05         5.2689833711904225E-05         1.4705822160498982E-04         4.8496969033514290E-05
                         90000                          45039                          31157                              1                          13803
configuration                   20                95000         4.9398483693428341E+00
        5.1998403887819306E-05         5.2682168125389398E-05         5.2596348951227630E-05         1.4705822160498982E-04         4.8420265383546756E-05
                         95000                          47541                          32856                              1                          14602
