                                                         Overall                                                       Volmer_fwd                                                       Volmer_rev                                                            Tafel                                                        Heyrovsky
configuration                    1                    0         0.0000000000000000E+00
        0.0000000000000000E+00         0.0000000000000000E+00         0.0000000000000000E+00         0.0000000000000000E+00         0.0000000000000000E+00
                             0                              0                              0                              0                              0
configuration                    2                 5000         1.8145920017676423E-03
        3.6291840035352846E-07         3.7224455441486033E-07         0.0000000000000000E+00         0.0000000000000000E+00         3.5309434073655906E-07
                          5000                           2565                              0                              0                           2435
configuration                    3                10000         3.6793719172183667E-03
        3.6793719172183669E-07         3.7635868237014964E-07         0.0000000000000000E+00         0.0000000000000000E+00         3.5927308559937511E-07
                         10000                           5071                              0                              0                           4929
configuration                    4                15000         5.5262212993683665E-03
        3.6841475329122442E-07         3.7791150769792904E-07         0.0000000000000000E+00         0.0000000000000000E+00         3.5876482542634254E-07
                         15000                           7560                              0                              0                           7440
configuration                    5                20000         7.3945954769471817E-03
        3.6972977384735909E-07         3.7982103439333205E-07         0.0000000000000000E+00         0.0000000000000000E+00         3.5950851316552488E-07
                         20000                          10064                              0                              0                           9936
configuration                    6                25000         9.3613445029244423E-03
        3.7445378011697771E-07         3.8323086637178996E-07         0.0000000000000000E+00         0.0000000000000000E+00         3.6557925697830989E-07
                         25000                          12569                              0                              0                          12431
configuration                    7                30000         1.1178053046172943E-02
        3.7260176820576473E-07         3.8259923735434399E-07         0.0000000000000000E+00         0.0000000000000000E+00         3.6251862176399732E-07
                         30000                          15064                              0                              0                          14936
configuration                    8                35000         1.3013614382088512E-02
        3.7181755377395748E-07         3.8134211271181974E-07         0.0000000000000000E+00         0.0000000000000000E+00         3.6221539500998715E-07
                         35000                          17571                              0                              0                          17429
configuration                    9                40000         1.4896991508489605E-02
        3.7242478771224009E-07         3.8178836530341263E-07         0.0000000000000000E+00         0.0000000000000000E+00         3.6299071894722748E-07
                         40000                          20075                              0                              0                          19925
configuration                   10                45000         1.6818560885952835E-02
        3.7374579746561853E-07         3.8263235628869784E-07         0.0000000000000000E+00         0.0000000000000000E+00         3.6479900153313939E-07
                         45000                          22576                              0                              0                          22424
configuration                   11                50000         1.8698995250987616E-02
        3.7397990501975232E-07         3.8291250056479373E-07         0.0000000000000000E+00         0.0000000000000000E+00         3.6499786508077008E-07
                         50000                          25069                              0                              0                          24931
configuration                   12                55000         2.0516376841101875E-02
        3.7302503347457957E-07         3.8183041376235341E-07         0.0000000000000000E+00         0.0000000000000000E+00         3.6417664217966973E-07
                         55000                          27567                              0                              0                          27433
configuration                   13                60000         2.2407763400363233E-02
        3.7346272333938719E-07         3.8207643013331479E-07         0.0000000000000000E+00         0.0000000000000000E+00         3.6481103267103653E-07
                         60000                          30066                              0                              0                          29934
configuration                   14                65000         2.4253336408831247E-02
        3.7312825244355766E-07         3.8126718504376183E-07         0.0000000000000000E+00         0.0000000000000000E+00         3.6495015898079675E-07
                         65000                          32578                              0                              0                          32422
configuration                   15                70000         2.6162413344084333E-02
        3.7374876205834763E-07         3.8171922659438923E-07         0.0000000000000000E+00         0.0000000000000000E+00         3.6574406503324013E-07
                         70000                          35075                              0                              0                          34925
configuration                   16                75000         2.8081664094436201E-02
        3.7442218792581599E-07         3.8221295469845236E-07         0.0000000000000000E+00         0.0000000000000000E+00         3.6660144705850522E-07
                         75000                          37572                              0                              0                          37428
configuration                   17                80000         2.9910369294460996E-02
        3.7387961618076244E-07         3.8184695431076825E-07         0.0000000000000000E+00         0.0000000000000000E+00         3.6588474323664750E-07
                         80000                          40069                              0                              0                          39931
configuration                   18                85000         3.1774642700366257E-02
        3.7381932588666184E-07         3.8129946852872605E-07         0.0000000000000000E+00         0.0000000000000000E+00         3.6631556155595289E-07
                         85000                          42567                              0                              0                          42433
configuration                   19                90000         3.3628075335307532E-02
        3.7364528150341703E-07         3.8087971504105011E-07         0.0000000000000000E+00         0.0000000000000000E+00         3.6638927330808827E-07
                         90000                          45067                              0                              0                          44933
configuration                   20                95000         3.5514346855546629E-02
        3.7383523005838558E-07         3.8073179762314086E-07         0.0000000000000000E+00         0.0000000000000000E+00         3.6691859700220144E-07
                         95000                          47569                              0                              0                          47431
