                                                         Overall                                                       Volmer_fwd                                                       Volmer_rev                                                            Tafel                                                        Heyrovsky
configuration                    1                    0         0.0000000000000000E+00
        0.0000000000000000E+00         0.0000000000000000E+00         0.0000000000000000E+00         0.0000000000000000E+00         0.0000000000000000E+00
                             0                              0                              0                              0                              0
configuration                    2                 5000         3.1675746233631663E-01
        6.3351492467263323E-05         6.4125809200361896E-05         6.2112762639412740E-05         0.0000000000000000E+00         7.2546197318525132E-05
                          5000                           2517                           2375                              0                            108
configuration                    3                10000         6.4395215323434585E-01
        6.4395215323434588E-05         6.4501654635629082E-05         6.4243028969002627E-05         0.0000000000000000E+00         6.5240089301685261E-05
                         10000                           5017                           4758                              0                            225
configuration                    4                15000         9.6951377146876361E-01
        6.4634251431250906E-05         6.4573885898326275E-05         6.4609320063676020E-05         0.0000000000000000E+00         6.6359337291502731E-05
                         15000                           7522                           7112                              0                            366
configuration                    5                20000         1.2960881854910558E+00
        6.4804409274552791E-05         6.4883699631875026E-05         6.4716580721142108E-05         0.0000000000000000E+00         6.4885717854718702E-05
                         20000                          10016                           9495                              0                            489
configuration                    6                25000         1.6327562292862723E+00
        6.5310249171450898E-05         6.5289660679515563E-05         6.5400160934969077E-05         0.0000000000000000E+00         6.4011905090735128E-05
                         25000                          12515                          11862                              0                            623
configuration                    7                30000         1.9556893346075459E+00
        6.5189644486918195E-05         6.5307944794231433E-05         6.5193085406682036E-05         0.0000000000000000E+00         6.2797637913116131E-05
                         30000                          15014                          14223                              0                            763
configuration                    8                35000         2.2882842422403424E+00
        6.5379549778295492E-05         6.5617386719490204E-05         6.5335341621016263E-05         0.0000000000000000E+00         6.1556926877018623E-05
                         35000                          17516                          16586                              0                            898
configuration                    9                40000         2.6237023270772273E+00
        6.5592558176930679E-05         6.5739370214552037E-05         6.5682605033921996E-05         0.0000000000000000E+00         6.1050933806617108E-05
                         40000                          20018                          18959                              0                           1023
configuration                   10                45000         2.9412561943912157E+00
        6.5361248764249231E-05         6.5428374500858097E-05         6.5500591863596077E-05         0.0000000000000000E+00         6.1547978149669008E-05
                         45000                          22517                          21308                              0                           1175
configuration                   11                50000         3.2634539577219326E+00
        6.5269079154438647E-05         6.5179702441963788E-05         6.5509433315600644E-05         0.0000000000000000E+00         6.2655507453478180E-05
                         50000                          25022                          23658                              0                           1320
configuration                   12                55000         3.5886028596146744E+00
        6.5247324720266810E-05         6.5271358801832991E-05         6.5358641812151487E-05         0.0000000000000000E+00         6.2794789461557035E-05
                         55000                          27523                          26026                              0                           1451
configuration                   13                60000         3.9085988523337112E+00
        6.5143314205561847E-05         6.5217730290209608E-05         6.5149667904856797E-05         0.0000000000000000E+00         6.3615245940518649E-05
                         60000                          30019                          28401                              0                           1580
configuration                   14                65000         4.2346553963684741E+00
        6.5148544559514988E-05         6.5160053568565510E-05         6.5233068555022082E-05         0.0000000000000000E+00         6.3408605751861445E-05
                         65000                          32517                          30773                              0                           1710
configuration                   15                70000         4.5635989099223631E+00
        6.5194270141748041E-05         6.5164816477988411E-05         6.5312200492499245E-05         0.0000000000000000E+00         6.3653360618800726E-05
                         70000                          35020                          33115                              0                           1865
configuration                   16                75000         4.8995964330012178E+00
        6.5327952440016239E-05         6.5497603222756115E-05         6.5227996259809097E-05         0.0000000000000000E+00         6.3903031222679703E-05
                         75000                          37517                          35507                              0                           1976
configuration                   17                80000         5.2296527910971164E+00
        6.5370659888713950E-05         6.5564219960733056E-05         6.5262903596744398E-05         0.0000000000000000E+00         6.3637857609112646E-05
                         80000                          40016                          37869                              0                           2115
configuration                   18                85000         5.5645354298482346E+00
        6.5465122704096881E-05         6.5660708296980182E-05         6.5340990746700562E-05         0.0000000000000000E+00         6.3991924444942191E-05
                         85000                          42521                          40223                              0                           2256
configuration                   19                90000         5.8916384867152356E+00
        6.5462649852391508E-05         6.5686172094089014E-05         6.5334826557890324E-05         0.0000000000000000E+00         6.3520596226395649E-05
                         90000                          45017                          42606                              0                           2377
configuration                   20                95000         6.2206833086226077E+00
        6.5480876932869558E-05         6.5657156049009989E-05         6.5414668529878951E-05         0.0000000000000000E+00         6.3319161456409828E-05
                         95000                          47517                          44986                              0                           2497
