                                                         Overall                                                       Volmer_fwd                                                       Volmer_rev                                                            Tafel                                                        Heyrovsky
configuration                    1                    0         0.0000000000000000E+00
        0.0000000000000000E+00         0.0000000000000000E+00         0.0000000000000000E+00         0.0000000000000000E+00         0.0000000000000000E+00
                             0                              0                              0                              0                              0
configuration                    2                 5000         8.4971327491869697E-02
        1.6994265498373941E-05         1.6964850346204826E-05         1.6838735222796585E-05         0.0000000000000000E+00         1.7036017401881196E-05
                          5000                           2573                            130                              0                           2297
configuration                    3                10000         1.6983379932856815E-01
        1.6983379932856816E-05         1.7372939052798821E-05         1.5497679852951121E-05         0.0000000000000000E+00         1.6647107583038898E-05
                         10000                           5070                            276                              0                           4654
configuration                    4                15000         2.5789186880248732E-01
        1.7192791253499154E-05         1.7641743080904398E-05         1.5857607686600060E-05         0.0000000000000000E+00         1.6788878821092700E-05
                         15000                           7568                            425                              0                           7007
configuration                    5                20000         3.4769440909932442E-01
        1.7384720454966222E-05         1.7808519984097663E-05         1.6605828744424233E-05         0.0000000000000000E+00         1.6976225798642280E-05
                         20000                          10068                            566                              0                           9366
configuration                    6                25000         4.4022101321915275E-01
        1.7608840528766110E-05         1.7981349110949953E-05         1.7237599941341328E-05         0.0000000000000000E+00         1.7232324751233531E-05
                         25000                          12562                            692                              0                          11746
configuration                    7                30000         5.2848973568522484E-01
        1.7616324522840829E-05         1.7975170447497574E-05         1.7058077634151080E-05         0.0000000000000000E+00         1.7265435054960015E-05
                         30000                          15072                            822                              0                          14106
configuration                    8                35000         6.1719785111687431E-01
        1.7634224317624979E-05         1.7989718067172736E-05         1.7395955811045290E-05         0.0000000000000000E+00         1.7269104888112752E-05
                         35000                          17566                            953                              0                          16481
configuration                    9                40000         7.0621690308250062E-01
        1.7655422577062514E-05         1.8042259489614889E-05         1.7729891888404960E-05         0.0000000000000000E+00         1.7238780219692584E-05
                         40000                          20072                           1096                              0                          18832
configuration                   10                45000         7.9313975736736320E-01
        1.7625327941496961E-05         1.7994468042609600E-05         1.7659242796155595E-05         0.0000000000000000E+00         1.7230190146366679E-05
                         45000                          22567                           1244                              0                          21189
configuration                   11                50000         8.8171331123658525E-01
        1.7634266224731704E-05         1.7993715603253654E-05         1.7526445720183358E-05         0.0000000000000000E+00         1.7257926421170545E-05
                         50000                          25071                           1378                              0                          23551
configuration                   12                55000         9.6994473260920255E-01
        1.7635358774712775E-05         1.7987407614685639E-05         1.7556905681639273E-05         0.0000000000000000E+00         1.7265475673268205E-05
                         55000                          27571                           1507                              0                          25922
configuration                   13                60000         1.0597497823478466E+00
        1.7662496372464109E-05         1.7996509327694920E-05         1.7566226928721285E-05         0.0000000000000000E+00         1.7313148443754581E-05
                         60000                          30064                           1645                              0                          28291
configuration                   14                65000         1.1465228427402316E+00
        1.7638812965234332E-05         1.7963258613659629E-05         1.7443165280762471E-05         0.0000000000000000E+00         1.7305404389668285E-05
                         65000                          32569                           1785                              0                          30646
configuration                   15                70000         1.2353491742388036E+00
        1.7647845346268624E-05         1.7977103048953008E-05         1.7662493141287806E-05         0.0000000000000000E+00         1.7297219892067188E-05
                         70000                          35069                           1919                              0                          33012
configuration                   16                75000         1.3249355204782072E+00
        1.7665806939709430E-05         1.8027052542277426E-05         1.7698023079456910E-05         0.0000000000000000E+00         1.7280385288747993E-05
                         75000                          37567                           2051                              0                          35382
configuration                   17                80000         1.4092861629088123E+00
        1.7616077036360152E-05         1.8008341313559546E-05         1.7639232268867620E-05         0.0000000000000000E+00         1.7198539828879674E-05
                         80000                          40062                           2180                              0                          37758
configuration                   18                85000         1.4963616029982587E+00
        1.7604254152920690E-05         1.7985696672641713E-05         1.7613218488652069E-05         0.0000000000000000E+00         1.7199253767046696E-05
                         85000                          42564                           2297                              0                          40139
configuration                   19                90000         1.5817984192861225E+00
        1.7575537992068030E-05         1.7972709098834236E-05         1.7537300502985592E-05         0.0000000000000000E+00         1.7156818697000909E-05
                         90000                          45066                           2407                              0                          42527
configuration                   20                95000         1.6677337335421338E+00
        1.7555091932022461E-05         1.7946494243869664E-05         1.7746676051567337E-05         0.0000000000000000E+00         1.7130107798106955E-05
                         95000                          47559                           2509                              0                          44932
