                                                         Overall                                                       Volmer_fwd                                                       Volmer_rev                                                            Tafel                                                        Heyrovsky
configuration                    1                    0         0.0000000000000000E+00
        0.0000000000000000E+00         0.0000000000000000E+00         0.0000000000000000E+00         0.0000000000000000E+00         0.0000000000000000E+00
                             0                              0                              0                              0                              0
configuration                    2                 5000         1.2428230350179001E-02
        2.4856460700358003E-06         2.5123535868109030E-06         2.6512680182063687E-06         0.0000000000000000E+00         2.4575006946045443E-06
                          5000                           2562                              1                              0                           2437
configuration                    3                10000         2.5482425551777974E-02
        2.5482425551777972E-06         2.5958569935342027E-06         1.6105377050446763E-06         0.0000000000000000E+00         2.4998755684432031E-06
                         10000                           5067                              3                              0                           4930
configuration                    4                15000         3.8151705850731278E-02
        2.5434470567154185E-06         2.6170803057024977E-06         1.9303742050458436E-06         0.0000000000000000E+00         2.4688685404174153E-06
                         15000                           7566                              5                              0                           7429
configuration                    5                20000         5.1604816243687172E-02
        2.5802408121843585E-06         2.6560689949542782E-06         1.9303742050458436E-06         0.0000000000000000E+00         2.5037242984031869E-06
                         20000                          10064                              5                              0                           9931
configuration                    6                25000         6.4939420893206160E-02
        2.5975768357282466E-06         2.6801473556117136E-06         2.0320346149668819E-06         0.0000000000000000E+00         2.5145467367311071E-06
                         25000                          12558                              8                              0                          12434
configuration                    7                30000         7.7675790865857422E-02
        2.5891930288619139E-06         2.6675116177206315E-06         2.1253062876657927E-06         0.0000000000000000E+00         2.5105490744030944E-06
                         30000                          15063                             13                              0                          14924
configuration                    8                35000         9.0869969940664069E-02
        2.5962848554475449E-06         2.6762026093373346E-06         2.3960025280166364E-06         0.0000000000000000E+00         2.5157569441638753E-06
                         35000                          17577                             14                              0                          17409
configuration                    9                40000         1.0413897808161639E-01
        2.6034744520404096E-06         2.6754444692309995E-06         2.3697404366523955E-06         0.0000000000000000E+00         2.5311493175097273E-06
                         40000                          20066                             15                              0                          19919
configuration                   10                45000         1.1718671493583147E-01
        2.6041492207962546E-06         2.6736659961078127E-06         2.1550471434897304E-06         0.0000000000000000E+00         2.5345013615656158E-06
                         45000                          22573                             19                              0                          22408
configuration                   11                50000         1.3020079640627233E-01
        2.6040159281254466E-06         2.6757962689103155E-06         2.1880222521556024E-06         0.0000000000000000E+00         2.5321454125344217E-06
                         50000                          25066                             21                              0                          24913
configuration                   12                55000         1.4337131964882721E-01
        2.6067512663423129E-06         2.6799642529070830E-06         2.3481229230221777E-06         0.0000000000000000E+00         2.5333722650746954E-06
                         55000                          27564                             26                              0                          27410
configuration                   13                60000         1.5640675960961220E-01
        2.6067793268268701E-06         2.6732132984079834E-06         2.5153432996191488E-06         0.0000000000000000E+00         2.5400488189798601E-06
                         60000                          30072                             28                              0                          29900
configuration                   14                65000         1.6965030968413419E-01
        2.6100047643712951E-06         2.6724069893396728E-06         2.7990387851831457E-06         0.0000000000000000E+00         2.5470807080513942E-06
                         65000                          32573                             31                              0                          32396
configuration                   15                70000         1.8277160227844577E-01
        2.6110228896920827E-06         2.6710218338436141E-06         2.8564185040120733E-06         0.0000000000000000E+00         2.5504944480877799E-06
                         70000                          35070                             33                              0                          34897
configuration                   16                75000         1.9594155686333745E-01
        2.6125540915111660E-06         2.6713725686308731E-06         2.7406719065096714E-06         0.0000000000000000E+00         2.5533512161845537E-06
                         75000                          37565                             36                              0                          37399
configuration                   17                80000         2.0915732807672130E-01
        2.6144666009590163E-06         2.6723079965587703E-06         2.7176962996097672E-06         0.0000000000000000E+00         2.5562699183678604E-06
                         80000                          40071                             37                              0                          39892
configuration                   18                85000         2.2200915545041922E-01
        2.6118724170637555E-06         2.6682560889279575E-06         2.6452589266653463E-06         0.0000000000000000E+00         2.5552226104620342E-06
                         85000                          42569                             39                              0                          42392
configuration                   19                90000         2.3500056190996224E-01
        2.6111173545551360E-06         2.6683223307174037E-06         2.7787321151350906E-06         0.0000000000000000E+00         2.5535415073395667E-06
                         90000                          45063                             42                              0                          44895
configuration                   20                95000         2.4817687587717890E-01
        2.6123881671281990E-06         2.6693454882785809E-06         2.6599860300116940E-06         0.0000000000000000E+00         2.5551777278670559E-06
                         95000                          47564                             45                              0                          47391
