               Entry              Nevents                           Time                    Temperature                         Energy                  H*                   H2
                   1                    0         0.0000000000000000E+00         2.9800000000000000E+02         0.0000000000000000E+00                   0                    0
                   2                  500         1.0319119186069903E-03         2.9800000000000000E+02         1.0000000000000002E-01                 130                  185
                   3                 1000         2.3519227433027594E-03         2.9800000000000000E+02         2.0000000000000001E-01                 128                  435
                   4                 1500         3.5673410108875603E-03         2.9800000000000000E+02         1.0000000000000002E-01                 134                  682
                   5                 2000         4.8557837151237317E-03         2.9800000000000000E+02         1.3877787807814457E-17                 126                  936
                   6                 2500         6.1669565459138379E-03         2.9800000000000000E+02         1.0000000000000002E-01                 124                 1187
                   7                 3000         7.5033798001068004E-03         2.9800000000000000E+02         1.3877787807814457E-17                 128                 1435
                   8                 3500         8.7691198134054755E-03         2.9800000000000000E+02         1.3877787807814457E-17                 128                 1685
                   9                 4000         1.0027599889764462E-02         2.9800000000000000E+02         1.3877787807814457E-17                 128                 1935
                  10                 4500         1.1155838394735978E-02         2.9800000000000000E+02         1.3877787807814457E-17                 130                 2184
                  11                 5000         1.2428230350179001E-02         2.9800000000000000E+02         1.3877787807814457E-17                 124                 2437
                  12                 5500         1.3763647694627765E-02         2.9800000000000000E+02         1.3877787807814457E-17                 126                 2685
                  13                 6000         1.5144561319631503E-02         2.9800000000000000E+02         1.3877787807814457E-17                 128                 2934
                  14                 6500         1.6495947382030533E-02         2.9800000000000000E+02         1.3877787807814457E-17                 116                 3190
                  15                 7000         1.7871026554547038E-02         2.9800000000000000E+02         1.3877787807814457E-17                 124                 3436
                  16                 7500         1.9191720535534012E-02         2.9800000000000000E+02         1.3877787807814457E-17                 134                 3681
                  17                 8000         2.0495422048427178E-02         2.9800000000000000E+02         1.0000000000000002E-01                 124                 3936
                  18                 8500         2.1842795563758826E-02         2.9800000000000000E+02         1.3877787807814457E-17                 134                 4180
                  19                 9000         2.3066886634798261E-02         2.9800000000000000E+02         1.3877787807814457E-17                 134                 4430
                  20                 9500         2.4197288228595404E-02         2.9800000000000000E+02         1.3877787807814457E-17                 138                 4678
                  21                10000         2.5482425551777974E-02         2.9800000000000000E+02         1.3877787807814457E-17                 134                 4930
                  22                10500         2.6826517551786964E-02         2.9800000000000000E+02         1.3877787807814457E-17                 116                 5189
                  23                11000         2.7953219489815273E-02         2.9800000000000000E+02         1.0000000000000002E-01                 124                 5433
                  24                11500         2.9153667795010003E-02         2.9800000000000000E+02         1.0000000000000002E-01                 128                 5681
                  25                12000         3.0390281648813657E-02         2.9800000000000000E+02         1.0000000000000002E-01                 122                 5934
                  26                12500         3.1810235903732866E-02         2.9800000000000000E+02         1.3877787807814457E-17                 122                 6184
                  27                13000         3.3206039324186941E-02         2.9800000000000000E+02         1.3877787807814457E-17                 136                 6427
                  28                13500         3.4406235325145591E-02         2.9800000000000000E+02         1.0000000000000002E-01                 134                 6678
                  29                14000         3.5700173092505394E-02         2.9800000000000000E+02         1.3877787807814457E-17                 120                 6935
                  30                14500         3.7026857367721759E-02         2.9800000000000000E+02         1.3877787807814457E-17                 128                 7181
                  31                15000         3.8151705850731278E-02         2.9800000000000000E+02         1.3877787807814457E-17                 132                 7429
                  32                15500         3.9470902530046634E-02         2.9800000000000000E+02         1.3877787807814457E-17                 144                 7673
                  33                16000         4.0918940909048289E-02         2.9800000000000000E+02         1.3877787807814457E-17                 138                 7926
                  34                16500         4.2215844445477997E-02         2.9800000000000000E+02         1.3877787807814457E-17                 130                 8180
                  35                17000         4.3648108968365129E-02         2.9800000000000000E+02         1.3877787807814457E-17                 130                 8430
                  36                17500         4.5004787852223893E-02         2.9800000000000000E+02         2.0000000000000001E-01                 134                 8678
                  37                18000         4.6366393946459847E-02         2.9800000000000000E+02         1.3877787807814457E-17                 136                 8927
                  38                18500         4.7654381990182348E-02         2.9800000000000000E+02         1.0000000000000002E-01                 132                 9179
                  39                19000         4.8983038928578124E-02         2.9800000000000000E+02         1.3877787807814457E-17                 136                 9427
                  40                19500         5.0251114447677867E-02         2.9800000000000000E+02         1.3877787807814457E-17                 124                 9683
                  41                20000         5.1604816243687172E-02         2.9800000000000000E+02         1.3877787807814457E-17                 128                 9931
                  42                20500         5.2942305838519853E-02         2.9800000000000000E+02         1.0000000000000002E-01                 130                10180
                  43                21000         5.4313346952992718E-02         2.9800000000000000E+02         1.3877787807814457E-17                 128                10431
                  44                21500         5.5714192211080128E-02         2.9800000000000000E+02         1.3877787807814457E-17                 130                10679
                  45                22000         5.7041436652103421E-02         2.9800000000000000E+02         1.3877787807814457E-17                 134                10927
                  46                22500         5.8331898058805988E-02         2.9800000000000000E+02         1.0000000000000002E-01                 138                11175
                  47                23000         5.9758738535961795E-02         2.9800000000000000E+02         2.0000000000000001E-01                 128                11429
                  48                23500         6.1035252903414876E-02         2.9800000000000000E+02         1.3877787807814457E-17                 126                11680
                  49                24000         6.2344012706326515E-02         2.9800000000000000E+02         1.3877787807814457E-17                 138                11924
                  50                24500         6.3706982269078657E-02         2.9800000000000000E+02         2.0000000000000001E-01                 138                12173
                  51                25000         6.4939420893206160E-02         2.9800000000000000E+02         1.3877787807814457E-17                 116                12434
                  52                25500         6.6222862528863613E-02         2.9800000000000000E+02         1.3877787807814457E-17                 136                12673
                  53                26000         6.7479913886324766E-02         2.9800000000000000E+02         1.0000000000000002E-01                 130                12924
                  54                26500         6.8754263546424027E-02         2.9800000000000000E+02         1.3877787807814457E-17                 134                13170
                  55                27000         7.0049789962709649E-02         2.9800000000000000E+02         1.0000000000000002E-01                 142                13416
                  56                27500         7.1416528138925905E-02         2.9800000000000000E+02         1.3877787807814457E-17                 134                13670
                  57                28000         7.2642844704670473E-02         2.9800000000000000E+02         1.3877787807814457E-17                 128                13923
                  58                28500         7.3787017933044971E-02         2.9800000000000000E+02         1.3877787807814457E-17                 134                14170
                  59                29000         7.5052714483212393E-02         2.9800000000000000E+02         1.0000000000000002E-01                 138                14418
                  60                29500         7.6302294397404075E-02         2.9800000000000000E+02         1.0000000000000002E-01                 122                14676
                  61                30000         7.7675790865857422E-02         2.9800000000000000E+02         1.3877787807814457E-17                 126                14924
                  62                30500         7.9017599076818074E-02         2.9800000000000000E+02         1.3877787807814457E-17                 136                15168
                  63                31000         8.0445774471725184E-02         2.9800000000000000E+02         1.3877787807814457E-17                 132                15420
                  64                31500         8.1720462575622016E-02         2.9800000000000000E+02         1.3877787807814457E-17                 138                15667
                  65                32000         8.3107679147091523E-02         2.9800000000000000E+02         1.3877787807814457E-17                 142                15915
                  66                32500         8.4431452927000730E-02         2.9800000000000000E+02         1.3877787807814457E-17                 142                16165
                  67                33000         8.5666941551624992E-02         2.9800000000000000E+02         1.3877787807814457E-17                 138                16417
                  68                33500         8.6878543884034543E-02         2.9800000000000000E+02         1.3877787807814457E-17                 136                16668
                  69                34000         8.8273342130895466E-02         2.9800000000000000E+02         1.3877787807814457E-17                 150                16911
                  70                34500         8.9628246087523455E-02         2.9800000000000000E+02         1.3877787807814457E-17                 148                17162
                  71                35000         9.0869969940664069E-02         2.9800000000000000E+02         1.3877787807814457E-17                 154                17409
                  72                35500         9.2146094881352392E-02         2.9800000000000000E+02         1.3877787807814457E-17                 140                17666
                  73                36000         9.3452748006345621E-02         2.9800000000000000E+02         1.3877787807814457E-17                 148                17912
                  74                36500         9.4810014944464352E-02         2.9800000000000000E+02         1.0000000000000002E-01                 142                18165
                  75                37000         9.6175949220863574E-02         2.9800000000000000E+02         1.3877787807814457E-17                 146                18412
                  76                37500         9.7535080187168166E-02         2.9800000000000000E+02         1.3877787807814457E-17                 146                18662
                  77                38000         9.8853685679666306E-02         2.9800000000000000E+02         1.3877787807814457E-17                 140                18915
                  78                38500         1.0007598552406038E-01         2.9800000000000000E+02         1.3877787807814457E-17                 142                19164
                  79                39000         1.0153062379959049E-01         2.9800000000000000E+02         1.0000000000000002E-01                 150                19410
                  80                39500         1.0288948858144764E-01         2.9800000000000000E+02         1.3877787807814457E-17                 122                19674
                  81                40000         1.0413897808161639E-01         2.9800000000000000E+02         1.3877787807814457E-17                 132                19919
                  82                40500         1.0526674848244692E-01         2.9800000000000000E+02         1.3877787807814457E-17                 142                20163
                  83                41000         1.0663250093439496E-01         2.9800000000000000E+02         1.3877787807814457E-17                 138                20415
                  84                41500         1.0782737251164913E-01         2.9800000000000000E+02         1.3877787807814457E-17                 148                20659
                  85                42000         1.0910018093296459E-01         2.9800000000000000E+02         1.0000000000000002E-01                 146                20909
                  86                42500         1.1045956959640883E-01         2.9800000000000000E+02         1.0000000000000002E-01                 134                21165
                  87                43000         1.1173354475190293E-01         2.9800000000000000E+02         1.3877787807814457E-17                 152                21406
                  88                43500         1.1311926512450153E-01         2.9800000000000000E+02         1.3877787807814457E-17                 150                21657
                  89                44000         1.1453600033512751E-01         2.9800000000000000E+02         1.3877787807814457E-17                 134                21914
                  90                44500         1.1575105588559637E-01         2.9800000000000000E+02         1.0000000000000002E-01                 142                22160
                  91                45000         1.1718671493583147E-01         2.9800000000000000E+02         1.3877787807814457E-17                 146                22408
                  92                45500         1.1844524300681229E-01         2.9800000000000000E+02         1.3877787807814457E-17                 136                22663
                  93                46000         1.1967303996941032E-01         2.9800000000000000E+02         1.3877787807814457E-17                 134                22914
                  94                46500         1.2095594096979626E-01         2.9800000000000000E+02         1.0000000000000002E-01                 144                23159
                  95                47000         1.2224824293568276E-01         2.9800000000000000E+02         1.0000000000000002E-01                 140                23411
                  96                47500         1.2352646410677012E-01         2.9800000000000000E+02         1.3877787807814457E-17                 138                23662
                  97                48000         1.2479207653146186E-01         2.9800000000000000E+02         1.3877787807814457E-17                 130                23916
                  98                48500         1.2614981680057988E-01         2.9800000000000000E+02         1.3877787807814457E-17                 138                24162
                  99                49000         1.2740177747461737E-01         2.9800000000000000E+02         1.3877787807814457E-17                 146                24407
                 100                49500         1.2877008814474819E-01         2.9800000000000000E+02         1.3877787807814457E-17                 142                24659
                 101                50000         1.3020079640627233E-01         2.9800000000000000E+02         1.3877787807814457E-17                 132                24913
                 102                50500         1.3138827656142382E-01         2.9800000000000000E+02         1.3877787807814457E-17                 150                25153
                 103                51000         1.3269040178418579E-01         2.9800000000000000E+02         1.3877787807814457E-17                 146                25404
                 104                51500         1.3409650462543696E-01         2.9800000000000000E+02         1.3877787807814457E-17                 134                25660
                 105                52000         1.3539713364980768E-01         2.9800000000000000E+02         1.3877787807814457E-17                 146                25904
                 106                52500         1.3676169658407483E-01         2.9800000000000000E+02         1.3877787807814457E-17                 144                26155
                 107                53000         1.3807609329822162E-01         2.9800000000000000E+02         1.0000000000000002E-01                 146                26403
                 108                53500         1.3941681272339235E-01         2.9800000000000000E+02         1.3877787807814457E-17                 146                26653
                 109                54000         1.4079002508407595E-01         2.9800000000000000E+02         1.0000000000000002E-01                 144                26904
                 110                54500         1.4208089808411301E-01         2.9800000000000000E+02         1.3877787807814457E-17                 136                27156
                 111                55000         1.4337131964882721E-01         2.9800000000000000E+02         1.3877787807814457E-17                 128                27410
                 112                55500         1.4461570573157415E-01         2.9800000000000000E+02         1.3877787807814457E-17                 132                27658
                 113                56000         1.4585505891448888E-01         2.9800000000000000E+02         1.3877787807814457E-17                 152                27898
                 114                56500         1.4714768488216448E-01         2.9800000000000000E+02         1.3877787807814457E-17                 150                28149
                 115                57000         1.4861536619367663E-01         2.9800000000000000E+02         1.3877787807814457E-17                 154                28397
                 116                57500         1.4999829648297547E-01         2.9800000000000000E+02         1.0000000000000002E-01                 142                28652
                 117                58000         1.5123055660611312E-01         2.9800000000000000E+02         1.0000000000000002E-01                 140                28902
                 118                58500         1.5239775396307378E-01         2.9800000000000000E+02         1.3877787807814457E-17                 152                29146
                 119                59000         1.5377215617463805E-01         2.9800000000000000E+02         1.3877787807814457E-17                 156                29394
                 120                59500         1.5509034581611092E-01         2.9800000000000000E+02         1.3877787807814457E-17                 152                29646
                 121                60000         1.5640675960961220E-01         2.9800000000000000E+02         1.3877787807814457E-17                 144                29900
                 122                60500         1.5770987284063842E-01         2.9800000000000000E+02         1.3877787807814457E-17                 140                30152
                 123                61000         1.5905294099888781E-01         2.9800000000000000E+02         1.0000000000000002E-01                 136                30403
                 124                61500         1.6031611944326135E-01         2.9800000000000000E+02         1.0000000000000002E-01                 140                30650
                 125                62000         1.6161696348388466E-01         2.9800000000000000E+02         1.3877787807814457E-17                 138                30900
                 126                62500         1.6293020384802726E-01         2.9800000000000000E+02         1.3877787807814457E-17                 148                31145
                 127                63000         1.6409322736354473E-01         2.9800000000000000E+02         1.3877787807814457E-17                 144                31397
                 128                63500         1.6545801233799506E-01         2.9800000000000000E+02         1.3877787807814457E-17                 134                31652
                 129                64000         1.6685192623305664E-01         2.9800000000000000E+02         1.3877787807814457E-17                 148                31895
                 130                64500         1.6826983571325907E-01         2.9800000000000000E+02         1.3877787807814457E-17                 136                32151
                 131                65000         1.6965030968413419E-01         2.9800000000000000E+02         1.3877787807814457E-17                 146                32396
                 132                65500         1.7084790124435642E-01         2.9800000000000000E+02         1.3877787807814457E-17                 142                32647
                 133                66000         1.7217748962089877E-01         2.9800000000000000E+02         1.3877787807814457E-17                 146                32895
                 134                66500         1.7351650997719073E-01         2.9800000000000000E+02         1.3877787807814457E-17                 136                33150
                 135                67000         1.7483657413026846E-01         2.9800000000000000E+02         1.3877787807814457E-17                 144                33396
                 136                67500         1.7608573997480825E-01         2.9800000000000000E+02         1.3877787807814457E-17                 138                33648
                 137                68000         1.7742371574022034E-01         2.9800000000000000E+02         1.0000000000000002E-01                 150                33892
                 138                68500         1.7888605580152278E-01         2.9800000000000000E+02         1.3877787807814457E-17                 152                34141
                 139                69000         1.8026452034903059E-01         2.9800000000000000E+02         1.3877787807814457E-17                 134                34400
                 140                69500         1.8148685618813634E-01         2.9800000000000000E+02         1.0000000000000002E-01                 138                34648
                 141                70000         1.8277160227844577E-01         2.9800000000000000E+02         1.3877787807814457E-17                 140                34897
                 142                70500         1.8412072811869834E-01         2.9800000000000000E+02         1.3877787807814457E-17                 130                35152
                 143                71000         1.8553338934333646E-01         2.9800000000000000E+02         1.3877787807814457E-17                 140                35397
                 144                71500         1.8686024843546578E-01         2.9800000000000000E+02         1.3877787807814457E-17                 146                35644
                 145                72000         1.8811311262988609E-01         2.9800000000000000E+02         1.3877787807814457E-17                 152                35890
                 146                72500         1.8937684115408332E-01         2.9800000000000000E+02         1.3877787807814457E-17                 138                36146
                 147                73000         1.9073656544763098E-01         2.9800000000000000E+02         1.0000000000000002E-01                 142                36393
                 148                73500         1.9196401590444639E-01         2.9800000000000000E+02         1.3877787807814457E-17                 136                36646
                 149                74000         1.9333809349106681E-01         2.9800000000000000E+02         1.3877787807814457E-17                 136                36896
                 150                74500         1.9470683048780804E-01         2.9800000000000000E+02         1.0000000000000002E-01                 128                37150
                 151                75000         1.9594155686333745E-01         2.9800000000000000E+02         1.0000000000000002E-01                 130                37399
                 152                75500         1.9724516521394825E-01         2.9800000000000000E+02         2.0000000000000001E-01                 138                37645
                 153                76000         1.9849632547783522E-01         2.9800000000000000E+02         1.0000000000000002E-01                 142                37893
                 154                76500         1.9976655103567859E-01         2.9800000000000000E+02         1.3877787807814457E-17                 138                38144
                 155                77000         2.0113387646122288E-01         2.9800000000000000E+02         1.0000000000000002E-01                 138                38394
                 156                77500         2.0247640259131516E-01         2.9800000000000000E+02         1.3877787807814457E-17                 134                38646
                 157                78000         2.0385228247847756E-01         2.9800000000000000E+02         1.0000000000000002E-01                 128                38899
                 158                78500         2.0508865404993312E-01         2.9800000000000000E+02         1.3877787807814457E-17                 132                39147
                 159                79000         2.0647831122060867E-01         2.9800000000000000E+02         1.0000000000000002E-01                 142                39392
                 160                79500         2.0777398460419663E-01         2.9800000000000000E+02         1.3877787807814457E-17                 138                39644
                 161                80000         2.0915732807672130E-01         2.9800000000000000E+02         1.0000000000000002E-01                 142                39892
                 162                80500         2.1043714920715789E-01         2.9800000000000000E+02         1.3877787807814457E-17                 128                40149
                 163                81000         2.1170342601446251E-01         2.9800000000000000E+02         1.3877787807814457E-17                 136                40394
                 164                81500         2.1297598002500878E-01         2.9800000000000000E+02         1.3877787807814457E-17                 128                40648
                 165                82000         2.1413909602992853E-01         2.9800000000000000E+02         1.0000000000000002E-01                 126                40898
                 166                82500         2.1539771342822225E-01         2.9800000000000000E+02         1.3877787807814457E-17                 130                41146
                 167                83000         2.1678792737508243E-01         2.9800000000000000E+02         1.3877787807814457E-17                 134                41394
                 168                83500         2.1820454216653920E-01         2.9800000000000000E+02         1.0000000000000002E-01                 128                41647
                 169                84000         2.1943526386188003E-01         2.9800000000000000E+02         1.3877787807814457E-17                 128                41897
                 170                84500         2.2070076150075157E-01         2.9800000000000000E+02         1.3877787807814457E-17                 128                42147
                 171                85000         2.2200915545041922E-01         2.9800000000000000E+02         1.3877787807814457E-17                 138                42392
                 172                85500         2.2342466747585027E-01         2.9800000000000000E+02         1.3877787807814457E-17                 138                42641
                 173                86000         2.2478810350753869E-01         2.9800000000000000E+02         1.3877787807814457E-17                 128                42895
                 174                86500         2.2596328129364104E-01         2.9800000000000000E+02         1.0000000000000002E-01                 134                43142
                 175                87000         2.2718995751326881E-01         2.9800000000000000E+02         1.0000000000000002E-01                 126                43396
                 176                87500         2.2845878310717552E-01         2.9800000000000000E+02         1.3877787807814457E-17                 124                43647
                 177                88000         2.2988269557072588E-01         2.9800000000000000E+02         1.0000000000000002E-01                 136                43890
                 178                88500         2.3107027810667866E-01         2.9800000000000000E+02         1.3877787807814457E-17                 114                44151
                 179                89000         2.3237134612178689E-01         2.9800000000000000E+02         1.0000000000000002E-01                 124                44396
                 180                89500         2.3370418529054041E-01         2.9800000000000000E+02         1.0000000000000002E-01                 132                44642
                 181                90000         2.3500056190996224E-01         2.9800000000000000E+02         1.0000000000000002E-01                 126                44895
                 182                90500         2.3629532800321199E-01         2.9800000000000000E+02         1.0000000000000002E-01                 122                45146
                 183                91000         2.3763196786335794E-01         2.9800000000000000E+02         1.3877787807814457E-17                 132                45391
                 184                91500         2.3889246108751416E-01         2.9800000000000000E+02         1.3877787807814457E-17                 134                45640
                 185                92000         2.4027831311030262E-01         2.9800000000000000E+02         1.3877787807814457E-17                 130                45891
                 186                92500         2.4149318760468050E-01         2.9800000000000000E+02         1.3877787807814457E-17                 132                46140
                 187                93000         2.4274315252974485E-01         2.9800000000000000E+02         1.3877787807814457E-17                 126                46392
                 188                93500         2.4412821670063486E-01         2.9800000000000000E+02         1.3877787807814457E-17                 132                46639
                 189                94000         2.4547298965088152E-01         2.9800000000000000E+02         1.0000000000000002E-01                 140                46885
                 190                94500         2.4682978791781024E-01         2.9800000000000000E+02         2.0000000000000001E-01                 138                47136
                 191                95000         2.4817687587717890E-01         2.9800000000000000E+02         1.3877787807814457E-17                 128                47391
                 192                95500         2.4946805288219231E-01         2.9800000000000000E+02         1.3877787807814457E-17                 142                47633
                 193                96000         2.5086987586702569E-01         2.9800000000000000E+02         1.3877787807814457E-17                 138                47885
                 194                96500         2.5211326885824686E-01         2.9800000000000000E+02         1.3877787807814457E-17                 134                48137
                 195                97000         2.5329837726606519E-01         2.9800000000000000E+02         1.0000000000000002E-01                 140                48383
                 196                97500         2.5452194425429447E-01         2.9800000000000000E+02         1.3877787807814457E-17                 126                48640
                 197                98000         2.5588410102505343E-01         2.9800000000000000E+02         1.3877787807814457E-17                 124                48891
                 198                98500         2.5721351218209182E-01         2.9800000000000000E+02         1.3877787807814457E-17                 134                49136
                 199                99000         2.5849960632509666E-01         2.9800000000000000E+02         2.0000000000000001E-01                 134                49384
                 200                99500         2.5969750375718148E-01         2.9800000000000000E+02         1.3877787807814457E-17                 128                49637
