                                                         Overall                                                       Volmer_fwd                                                       Volmer_rev                                                            Tafel                                                        Heyrovsky
configuration                    1                    0         0.0000000000000000E+00
        0.0000000000000000E+00         0.0000000000000000E+00         0.0000000000000000E+00         0.0000000000000000E+00         0.0000000000000000E+00
                             0                              0                              0                              0                              0
configuration                    2                 5000         2.5892830319076759E-04
        5.1785660638153519E-08         5.3116430995367688E-08         0.0000000000000000E+00         0.0000000000000000E+00         5.0383842992874457E-08
                          5000                           2565                              0                              0                           2435
configuration                    3                10000         5.2501803513135120E-04
        5.2501803513135123E-08         5.3703485368766216E-08         0.0000000000000000E+00         0.0000000000000000E+00         5.1265502297897137E-08
                         10000                           5071                              0                              0                           4929
configuration                    4                15000         7.8854921806569011E-04
        5.2569947871046007E-08         5.3925061583631586E-08         0.0000000000000000E+00         0.0000000000000000E+00         5.1192977485676314E-08
                         15000                           7560                              0                              0                           7440
configuration                    5                20000         1.0551518235299873E-03
        5.2757591176499366E-08         5.4197536336442755E-08         0.0000000000000000E+00         0.0000000000000000E+00         5.1299095998392463E-08
                         20000                          10064                              0                              0                           9936
configuration                    6                25000         1.3357917622061830E-03
        5.3431670488247319E-08         5.4684093098229956E-08         0.0000000000000000E+00         0.0000000000000000E+00         5.2165344385369711E-08
                         25000                          12569                              0                              0                          12431
configuration                    7                30000         1.5950220795652819E-03
        5.3167402652176060E-08         5.4593964502060397E-08         0.0000000000000000E+00         0.0000000000000000E+00         5.1728615312415661E-08
                         30000                          15064                              0                              0                          14936
configuration                    8                35000         1.8569425452392247E-03
        5.3055501292549277E-08         5.4414582497583940E-08         0.0000000000000000E+00         0.0000000000000000E+00         5.1685347189980408E-08
                         35000                          17571                              0                              0                          17429
configuration                    9                40000         2.1256859559521005E-03
        5.3142148898802510E-08         5.4478259305495866E-08         0.0000000000000000E+00         0.0000000000000000E+00         5.1795979944504800E-08
                         40000                          20075                              0                              0                          19925
configuration                   10                45000         2.3998791067458992E-03
        5.3330646816575538E-08         5.4598690318919530E-08         0.0000000000000000E+00         0.0000000000000000E+00         5.2054007942648709E-08
                         45000                          22576                              0                              0                          22424
configuration                   11                50000         2.6682026080760927E-03
        5.3364052161521855E-08         5.4638664749533317E-08         0.0000000000000000E+00         0.0000000000000000E+00         5.2082384239301114E-08
                         50000                          25069                              0                              0                          24931
configuration                   12                55000         2.9275289640393223E-03
        5.3227799346169499E-08         5.4484259296744765E-08         0.0000000000000000E+00         0.0000000000000000E+00         5.1965202056134416E-08
                         55000                          27567                              0                              0                          27433
configuration                   13                60000         3.1974152591350297E-03
        5.3290254318917160E-08         5.4519363938130778E-08         0.0000000000000000E+00         0.0000000000000000E+00         5.2055724693364261E-08
                         60000                          30066                              0                              0                          29934
configuration                   14                65000         3.4607643133752041E-03
        5.3242527898080063E-08         5.4403890896425238E-08         0.0000000000000000E+00         0.0000000000000000E+00         5.2075576946254062E-08
                         65000                          32578                              0                              0                          32422
configuration                   15                70000         3.7331748888787819E-03
        5.3331069841125457E-08         5.4468393744207116E-08         0.0000000000000000E+00         0.0000000000000000E+00         5.2188861225503487E-08
                         70000                          35075                              0                              0                          34925
configuration                   16                75000         4.0070371894411882E-03
        5.3427162525882508E-08         5.4538844942107597E-08         0.0000000000000000E+00         0.0000000000000000E+00         5.2311203037200012E-08
                         75000                          37572                              0                              0                          37428
configuration                   17                80000         4.2679793373274835E-03
        5.3349741716593544E-08         5.4486619505615477E-08         0.0000000000000000E+00         0.0000000000000000E+00         5.2208934921664524E-08
                         80000                          40069                              0                              0                          39931
configuration                   18                85000         4.5339967942569191E-03
        5.3341138755963755E-08         5.4408497501095781E-08         0.0000000000000000E+00         0.0000000000000000E+00         5.2270409377790656E-08
                         85000                          42567                              0                              0                          42433
configuration                   19                90000         4.7984673566622707E-03
        5.3316303962914122E-08         5.4348601911225724E-08         0.0000000000000000E+00         0.0000000000000000E+00         5.2280927477112129E-08
                         90000                          45067                              0                              0                          44933
configuration                   20                95000         5.0676237750840389E-03
        5.3343408158779358E-08         5.4327495234906168E-08         0.0000000000000000E+00         0.0000000000000000E+00         5.2356457891564949E-08
                         95000                          47569                              0                              0                          47431
