               Entry              Nevents                           Time                    Temperature                         Energy                  H*                   H2
                   1                    0         0.0000000000000000E+00         2.9800000000000000E+02         0.0000000000000000E+00                   0                    0
                   2                  500         2.1010853501639858E-05         2.9800000000000000E+02         1.0000000000000002E-01                 130                  185
                   3                 1000         4.8225402272642402E-05         2.9800000000000000E+02         2.9999999999999999E-01                 132                  434
                   4                 1500         7.2843313483727130E-05         2.9800000000000000E+02         1.0000000000000002E-01                 124                  688
                   5                 2000         1.0014275063858146E-04         2.9800000000000000E+02         1.3877787807814457E-17                 132                  934
                   6                 2500         1.2801403111525826E-04         2.9800000000000000E+02         1.3877787807814457E-17                 134                 1183
                   7                 3000         1.5552105589613466E-04         2.9800000000000000E+02         1.3877787807814457E-17                 132                 1434
                   8                 3500         1.8182218154035775E-04         2.9800000000000000E+02         1.3877787807814457E-17                 132                 1684
                   9                 4000         2.0726483761016347E-04         2.9800000000000000E+02         1.3877787807814457E-17                 130                 1935
                  10                 4500         2.3283341145630010E-04         2.9800000000000000E+02         1.0000000000000002E-01                 134                 2183
                  11                 5000         2.5892830319076759E-04         2.9800000000000000E+02         1.3877787807814457E-17                 130                 2435
                  12                 5500         2.8496181969171736E-04         2.9800000000000000E+02         1.3877787807814457E-17                 130                 2685
                  13                 6000         3.1048053086325382E-04         2.9800000000000000E+02         1.0000000000000002E-01                 136                 2932
                  14                 6500         3.3837065785974758E-04         2.9800000000000000E+02         1.0000000000000002E-01                 134                 3183
                  15                 7000         3.6390808648472463E-04         2.9800000000000000E+02         1.3877787807814457E-17                 132                 3434
                  16                 7500         3.8916732222382661E-04         2.9800000000000000E+02         1.0000000000000002E-01                 136                 3682
                  17                 8000         4.1905683757646181E-04         2.9800000000000000E+02         1.3877787807814457E-17                 138                 3931
                  18                 8500         4.4505427906161286E-04         2.9800000000000000E+02         1.3877787807814457E-17                 132                 4184
                  19                 9000         4.7143491196942284E-04         2.9800000000000000E+02         1.3877787807814457E-17                 138                 4431
                  20                 9500         4.9849443721397308E-04         2.9800000000000000E+02         1.3877787807814457E-17                 120                 4690
                  21                10000         5.2501803513135120E-04         2.9800000000000000E+02         1.0000000000000002E-01                 142                 4929
                  22                10500         5.5092894223608495E-04         2.9800000000000000E+02         1.0000000000000002E-01                 136                 5182
                  23                11000         5.7741903839398214E-04         2.9800000000000000E+02         1.3877787807814457E-17                 134                 5433
                  24                11500         6.0324067237973371E-04         2.9800000000000000E+02         1.3877787807814457E-17                 134                 5683
                  25                12000         6.2876777074718463E-04         2.9800000000000000E+02         1.0000000000000002E-01                 132                 5934
                  26                12500         6.5524861927371400E-04         2.9800000000000000E+02         1.3877787807814457E-17                 134                 6183
                  27                13000         6.8179750667168057E-04         2.9800000000000000E+02         1.3877787807814457E-17                 130                 6435
                  28                13500         7.0987957153055060E-04         2.9800000000000000E+02         1.3877787807814457E-17                 132                 6684
                  29                14000         7.3617367666789144E-04         2.9800000000000000E+02         1.3877787807814457E-17                 126                 6937
                  30                14500         7.6349848444618926E-04         2.9800000000000000E+02         1.3877787807814457E-17                 128                 7186
                  31                15000         7.8854921806569011E-04         2.9800000000000000E+02         1.3877787807814457E-17                 120                 7440
                  32                15500         8.1496168645848923E-04         2.9800000000000000E+02         1.3877787807814457E-17                 130                 7685
                  33                16000         8.4013271444165975E-04         2.9800000000000000E+02         1.3877787807814457E-17                 142                 7929
                  34                16500         8.6465938731570700E-04         2.9800000000000000E+02         1.3877787807814457E-17                 134                 8183
                  35                17000         8.9128634947574070E-04         2.9800000000000000E+02         1.0000000000000002E-01                 128                 8436
                  36                17500         9.2026004906404200E-04         2.9800000000000000E+02         1.3877787807814457E-17                 134                 8683
                  37                18000         9.4924212145275572E-04         2.9800000000000000E+02         1.3877787807814457E-17                 140                 8930
                  38                18500         9.7659447841460948E-04         2.9800000000000000E+02         2.0000000000000001E-01                 144                 9178
                  39                19000         1.0036412520270268E-03         2.9800000000000000E+02         3.9999999999999997E-01                 132                 9434
                  40                19500         1.0290693607644783E-03         2.9800000000000000E+02         1.3877787807814457E-17                 138                 9681
                  41                20000         1.0551518235299873E-03         2.9800000000000000E+02         1.3877787807814457E-17                 128                 9936
                  42                20500         1.0823072672046510E-03         2.9800000000000000E+02         1.3877787807814457E-17                 138                10181
                  43                21000         1.1093023151216067E-03         2.9800000000000000E+02         1.3877787807814457E-17                 142                10429
                  44                21500         1.1376212108509857E-03         2.9800000000000000E+02         1.0000000000000002E-01                 130                10685
                  45                22000         1.1679288401724864E-03         2.9800000000000000E+02         1.3877787807814457E-17                 136                10932
                  46                22500         1.1962247582101831E-03         2.9800000000000000E+02         1.3877787807814457E-17                 134                11183
                  47                23000         1.2213622792302569E-03         2.9800000000000000E+02         1.0000000000000002E-01                 146                11427
                  48                23500         1.2491701133775233E-03         2.9800000000000000E+02         1.3877787807814457E-17                 124                11688
                  49                24000         1.2770059115183466E-03         2.9800000000000000E+02         1.3877787807814457E-17                 138                11931
                  50                24500         1.3055963750411642E-03         2.9800000000000000E+02         1.3877787807814457E-17                 134                12183
                  51                25000         1.3357917622061830E-03         2.9800000000000000E+02         1.3877787807814457E-17                 138                12431
                  52                25500         1.3612103530052174E-03         2.9800000000000000E+02         1.0000000000000002E-01                 140                12680
                  53                26000         1.3879098305515328E-03         2.9800000000000000E+02         1.0000000000000002E-01                 136                12932
                  54                26500         1.4132525898928534E-03         2.9800000000000000E+02         1.3877787807814457E-17                 126                13187
                  55                27000         1.4371264416753171E-03         2.9800000000000000E+02         1.0000000000000002E-01                 130                13435
                  56                27500         1.4659395285257760E-03         2.9800000000000000E+02         1.3877787807814457E-17                 120                13690
                  57                28000         1.4907734448415810E-03         2.9800000000000000E+02         1.0000000000000002E-01                 128                13936
                  58                28500         1.5202050316451029E-03         2.9800000000000000E+02         1.0000000000000002E-01                 134                14183
                  59                29000         1.5452759149466033E-03         2.9800000000000000E+02         1.0000000000000002E-01                 128                14436
                  60                29500         1.5708735879851540E-03         2.9800000000000000E+02         1.3877787807814457E-17                 132                14684
                  61                30000         1.5950220795652819E-03         2.9800000000000000E+02         1.3877787807814457E-17                 128                14936
                  62                30500         1.6211242804777524E-03         2.9800000000000000E+02         1.0000000000000002E-01                 130                15185
                  63                31000         1.6469947765151583E-03         2.9800000000000000E+02         1.3877787807814457E-17                 128                15436
                  64                31500         1.6763812456762402E-03         2.9800000000000000E+02         1.3877787807814457E-17                 134                15683
                  65                32000         1.7015155644166445E-03         2.9800000000000000E+02         1.0000000000000002E-01                 128                15936
                  66                32500         1.7271005636700402E-03         2.9800000000000000E+02         1.3877787807814457E-17                 124                16188
                  67                33000         1.7532348146585281E-03         2.9800000000000000E+02         1.0000000000000002E-01                 124                16438
                  68                33500         1.7800089320152911E-03         2.9800000000000000E+02         1.3877787807814457E-17                 140                16680
                  69                34000         1.8062959040482723E-03         2.9800000000000000E+02         1.3877787807814457E-17                 130                16935
                  70                34500         1.8321980973179562E-03         2.9800000000000000E+02         1.3877787807814457E-17                 134                17183
                  71                35000         1.8569425452392247E-03         2.9800000000000000E+02         1.3877787807814457E-17                 142                17429
                  72                35500         1.8839388119528328E-03         2.9800000000000000E+02         1.3877787807814457E-17                 136                17682
                  73                36000         1.9109698900810371E-03         2.9800000000000000E+02         1.3877787807814457E-17                 140                17930
                  74                36500         1.9377383353524362E-03         2.9800000000000000E+02         1.3877787807814457E-17                 140                18180
                  75                37000         1.9655087812320651E-03         2.9800000000000000E+02         1.3877787807814457E-17                 140                18430
                  76                37500         1.9948618749549662E-03         2.9800000000000000E+02         1.0000000000000002E-01                 138                18681
                  77                38000         2.0233631523204790E-03         2.9800000000000000E+02         1.0000000000000002E-01                 130                18935
                  78                38500         2.0483532704187717E-03         2.9800000000000000E+02         1.0000000000000002E-01                 142                19179
                  79                39000         2.0751090089442823E-03         2.9800000000000000E+02         1.3877787807814457E-17                 140                19430
                  80                39500         2.1007975939780167E-03         2.9800000000000000E+02         1.3877787807814457E-17                 144                19678
                  81                40000         2.1256859559521005E-03         2.9800000000000000E+02         1.3877787807814457E-17                 150                19925
                  82                40500         2.1512313220215661E-03         2.9800000000000000E+02         1.0000000000000002E-01                 158                20171
                  83                41000         2.1779235105979129E-03         2.9800000000000000E+02         1.3877787807814457E-17                 148                20426
                  84                41500         2.2040617597867745E-03         2.9800000000000000E+02         1.3877787807814457E-17                 144                20678
                  85                42000         2.2304508330734212E-03         2.9800000000000000E+02         1.3877787807814457E-17                 138                20931
                  86                42500         2.2582702001475562E-03         2.9800000000000000E+02         1.3877787807814457E-17                 142                21179
                  87                43000         2.2856122021990169E-03         2.9800000000000000E+02         1.3877787807814457E-17                 152                21424
                  88                43500         2.3163177685823319E-03         2.9800000000000000E+02         1.3877787807814457E-17                 150                21675
                  89                44000         2.3428920388291097E-03         2.9800000000000000E+02         1.3877787807814457E-17                 138                21931
                  90                44500         2.3708148721858033E-03         2.9800000000000000E+02         1.3877787807814457E-17                 152                22174
                  91                45000         2.3998791067458992E-03         2.9800000000000000E+02         1.3877787807814457E-17                 152                22424
                  92                45500         2.4285504238606231E-03         2.9800000000000000E+02         1.3877787807814457E-17                 146                22677
                  93                46000         2.4553475709580795E-03         2.9800000000000000E+02         1.3877787807814457E-17                 146                22927
                  94                46500         2.4818269925494059E-03         2.9800000000000000E+02         1.3877787807814457E-17                 142                23179
                  95                47000         2.5102703441248447E-03         2.9800000000000000E+02         1.3877787807814457E-17                 150                23425
                  96                47500         2.5356815858984453E-03         2.9800000000000000E+02         1.0000000000000002E-01                 138                23681
                  97                48000         2.5627393383768800E-03         2.9800000000000000E+02         1.0000000000000002E-01                 148                23926
                  98                48500         2.5886256085551540E-03         2.9800000000000000E+02         1.3877787807814457E-17                 132                24184
                  99                49000         2.6162232094491351E-03         2.9800000000000000E+02         1.3877787807814457E-17                 132                24434
                 100                49500         2.6416979226720322E-03         2.9800000000000000E+02         1.3877787807814457E-17                 140                24680
                 101                50000         2.6682026080760927E-03         2.9800000000000000E+02         1.3877787807814457E-17                 138                24931
                 102                50500         2.6942124089458694E-03         2.9800000000000000E+02         1.3877787807814457E-17                 138                25181
                 103                51000         2.7197587704548731E-03         2.9800000000000000E+02         1.3877787807814457E-17                 124                25438
                 104                51500         2.7459448846201702E-03         2.9800000000000000E+02         1.3877787807814457E-17                 144                25678
                 105                52000         2.7729485748946583E-03         2.9800000000000000E+02         1.0000000000000002E-01                 138                25931
                 106                52500         2.7982137139838411E-03         2.9800000000000000E+02         1.3877787807814457E-17                 140                26180
                 107                53000         2.8241038664270288E-03         2.9800000000000000E+02         1.3877787807814457E-17                 132                26434
                 108                53500         2.8507564463824847E-03         2.9800000000000000E+02         1.3877787807814457E-17                 136                26682
                 109                54000         2.8761277854700558E-03         2.9800000000000000E+02         1.3877787807814457E-17                 132                26934
                 110                54500         2.9016596756557583E-03         2.9800000000000000E+02         1.3877787807814457E-17                 146                27177
                 111                55000         2.9275289640393223E-03         2.9800000000000000E+02         1.3877787807814457E-17                 134                27433
                 112                55500         2.9542596662402634E-03         2.9800000000000000E+02         1.3877787807814457E-17                 128                27686
                 113                56000         2.9822660642892058E-03         2.9800000000000000E+02         1.3877787807814457E-17                 126                27937
                 114                56500         3.0089632995256702E-03         2.9800000000000000E+02         1.0000000000000002E-01                 138                28181
                 115                57000         3.0378012067752164E-03         2.9800000000000000E+02         1.3877787807814457E-17                 148                28426
                 116                57500         3.0635318338416906E-03         2.9800000000000000E+02         1.0000000000000002E-01                 134                28683
                 117                58000         3.0917445131124974E-03         2.9800000000000000E+02         1.3877787807814457E-17                 156                28922
                 118                58500         3.1172809873141714E-03         2.9800000000000000E+02         1.0000000000000002E-01                 138                29181
                 119                59000         3.1450743457714096E-03         2.9800000000000000E+02         1.3877787807814457E-17                 146                29427
                 120                59500         3.1711854737356787E-03         2.9800000000000000E+02         1.3877787807814457E-17                 136                29682
                 121                60000         3.1974152591350297E-03         2.9800000000000000E+02         1.3877787807814457E-17                 132                29934
                 122                60500         3.2217194692775080E-03         2.9800000000000000E+02         1.3877787807814457E-17                 134                30183
                 123                61000         3.2507123595483449E-03         2.9800000000000000E+02         1.3877787807814457E-17                 144                30428
                 124                61500         3.2789239496986517E-03         2.9800000000000000E+02         1.3877787807814457E-17                 146                30677
                 125                62000         3.3042765904518659E-03         2.9800000000000000E+02         1.0000000000000002E-01                 134                30933
                 126                62500         3.3297126834194038E-03         2.9800000000000000E+02         1.3877787807814457E-17                 130                31185
                 127                63000         3.3539016258580571E-03         2.9800000000000000E+02         1.3877787807814457E-17                 140                31430
                 128                63500         3.3815471294381810E-03         2.9800000000000000E+02         1.3877787807814457E-17                 144                31678
                 129                64000         3.4078241888993352E-03         2.9800000000000000E+02         1.3877787807814457E-17                 152                31924
                 130                64500         3.4345461182947860E-03         2.9800000000000000E+02         1.3877787807814457E-17                 136                32182
                 131                65000         3.4607643133752041E-03         2.9800000000000000E+02         1.3877787807814457E-17                 156                32422
                 132                65500         3.4858665659140069E-03         2.9800000000000000E+02         2.0000000000000001E-01                 134                32683
                 133                66000         3.5122143935839623E-03         2.9800000000000000E+02         1.3877787807814457E-17                 140                32930
                 134                66500         3.5402493096876680E-03         2.9800000000000000E+02         1.0000000000000002E-01                 140                33180
                 135                67000         3.5668946464780978E-03         2.9800000000000000E+02         1.3877787807814457E-17                 140                33430
                 136                67500         3.5937492404780301E-03         2.9800000000000000E+02         1.3877787807814457E-17                 140                33680
                 137                68000         3.6209528229262091E-03         2.9800000000000000E+02         1.3877787807814457E-17                 140                33930
                 138                68500         3.6463844678239158E-03         2.9800000000000000E+02         1.3877787807814457E-17                 130                34185
                 139                69000         3.6772698629167454E-03         2.9800000000000000E+02         1.3877787807814457E-17                 148                34426
                 140                69500         3.7034325620682535E-03         2.9800000000000000E+02         1.0000000000000002E-01                 132                34684
                 141                70000         3.7331748888787819E-03         2.9800000000000000E+02         1.3877787807814457E-17                 150                34925
                 142                70500         3.7619503197196718E-03         2.9800000000000000E+02         1.3877787807814457E-17                 146                35177
                 143                71000         3.7905829944375213E-03         2.9800000000000000E+02         2.0000000000000001E-01                 154                35423
                 144                71500         3.8197499735568561E-03         2.9800000000000000E+02         2.9999999999999999E-01                 148                35676
                 145                72000         3.8458346215834685E-03         2.9800000000000000E+02         1.3877787807814457E-17                 140                35930
                 146                72500         3.8723882304172730E-03         2.9800000000000000E+02         1.0000000000000002E-01                 148                36176
                 147                73000         3.9012950724142169E-03         2.9800000000000000E+02         1.3877787807814457E-17                 144                36428
                 148                73500         3.9266458469051869E-03         2.9800000000000000E+02         1.3877787807814457E-17                 138                36681
                 149                74000         3.9518862718786150E-03         2.9800000000000000E+02         1.3877787807814457E-17                 138                36931
                 150                74500         3.9799975365472692E-03         2.9800000000000000E+02         1.0000000000000002E-01                 138                37181
                 151                75000         4.0070371894411882E-03         2.9800000000000000E+02         1.3877787807814457E-17                 144                37428
                 152                75500         4.0332505292703094E-03         2.9800000000000000E+02         1.3877787807814457E-17                 148                37676
                 153                76000         4.0584765946480314E-03         2.9800000000000000E+02         1.0000000000000002E-01                 144                37928
                 154                76500         4.0855239411764751E-03         2.9800000000000000E+02         1.3877787807814457E-17                 138                38181
                 155                77000         4.1117934139710353E-03         2.9800000000000000E+02         1.0000000000000002E-01                 142                38429
                 156                77500         4.1381365975910987E-03         2.9800000000000000E+02         1.3877787807814457E-17                 134                38683
                 157                78000         4.1625842541552069E-03         2.9800000000000000E+02         1.3877787807814457E-17                 140                38930
                 158                78500         4.1889294795013294E-03         2.9800000000000000E+02         1.0000000000000002E-01                 146                39177
                 159                79000         4.2164541312852905E-03         2.9800000000000000E+02         1.3877787807814457E-17                 144                39428
                 160                79500         4.2440266857231889E-03         2.9800000000000000E+02         1.0000000000000002E-01                 138                39681
                 161                80000         4.2679793373274835E-03         2.9800000000000000E+02         1.0000000000000002E-01                 138                39931
                 162                80500         4.2942330730243086E-03         2.9800000000000000E+02         1.0000000000000002E-01                 138                40181
                 163                81000         4.3242406687271414E-03         2.9800000000000000E+02         1.0000000000000002E-01                 136                40432
                 164                81500         4.3507137448585793E-03         2.9800000000000000E+02         1.0000000000000002E-01                 136                40682
                 165                82000         4.3765600512319248E-03         2.9800000000000000E+02         1.3877787807814457E-17                 120                40940
                 166                82500         4.4026201253674953E-03         2.9800000000000000E+02         1.0000000000000002E-01                 132                41184
                 167                83000         4.4281907695122554E-03         2.9800000000000000E+02         1.0000000000000002E-01                 132                41434
                 168                83500         4.4553207312345048E-03         2.9800000000000000E+02         1.3877787807814457E-17                 138                41681
                 169                84000         4.4821080051836507E-03         2.9800000000000000E+02         1.3877787807814457E-17                 138                41931
                 170                84500         4.5086160994266830E-03         2.9800000000000000E+02         1.3877787807814457E-17                 144                42178
                 171                85000         4.5339967942569191E-03         2.9800000000000000E+02         1.0000000000000002E-01                 134                42433
                 172                85500         4.5637295537229632E-03         2.9800000000000000E+02         1.0000000000000002E-01                 142                42679
                 173                86000         4.5912808448927145E-03         2.9800000000000000E+02         1.0000000000000002E-01                 152                42924
                 174                86500         4.6182439642426919E-03         2.9800000000000000E+02         1.3877787807814457E-17                 154                43173
                 175                87000         4.6428331783119397E-03         2.9800000000000000E+02         1.3877787807814457E-17                 142                43429
                 176                87500         4.6699300449548559E-03         2.9800000000000000E+02         1.3877787807814457E-17                 146                43677
                 177                88000         4.6945243573297320E-03         2.9800000000000000E+02         1.3877787807814457E-17                 142                43929
                 178                88500         4.7193395453302093E-03         2.9800000000000000E+02         1.3877787807814457E-17                 148                44176
                 179                89000         4.7459091430842237E-03         2.9800000000000000E+02         1.3877787807814457E-17                 146                44427
                 180                89500         4.7716139060594437E-03         2.9800000000000000E+02         1.0000000000000002E-01                 140                44680
                 181                90000         4.7984673566622707E-03         2.9800000000000000E+02         1.3877787807814457E-17                 134                44933
                 182                90500         4.8258188253018719E-03         2.9800000000000000E+02         1.3877787807814457E-17                 156                45172
                 183                91000         4.8531613649038944E-03         2.9800000000000000E+02         1.3877787807814457E-17                 144                45428
                 184                91500         4.8810351939511283E-03         2.9800000000000000E+02         1.3877787807814457E-17                 130                45685
                 185                92000         4.9069824856769594E-03         2.9800000000000000E+02         1.3877787807814457E-17                 136                45932
                 186                92500         4.9343575657485924E-03         2.9800000000000000E+02         1.0000000000000002E-01                 138                46181
                 187                93000         4.9622917357666427E-03         2.9800000000000000E+02         1.3877787807814457E-17                 136                46432
                 188                93500         4.9865751985592524E-03         2.9800000000000000E+02         2.9999999999999999E-01                 146                46677
                 189                94000         5.0130196512286999E-03         2.9800000000000000E+02         1.3877787807814457E-17                 146                46927
                 190                94500         5.0396546093824214E-03         2.9800000000000000E+02         1.3877787807814457E-17                 144                47178
                 191                95000         5.0676237750840389E-03         2.9800000000000000E+02         1.3877787807814457E-17                 138                47431
                 192                95500         5.0947522018552696E-03         2.9800000000000000E+02         1.3877787807814457E-17                 146                47677
                 193                96000         5.1200008668001330E-03         2.9800000000000000E+02         1.0000000000000002E-01                 140                47930
                 194                96500         5.1454990133344035E-03         2.9800000000000000E+02         1.0000000000000002E-01                 140                48180
                 195                97000         5.1730621622273704E-03         2.9800000000000000E+02         1.3877787807814457E-17                 138                48431
                 196                97500         5.2001764230005928E-03         2.9800000000000000E+02         1.0000000000000002E-01                 138                48681
                 197                98000         5.2259257674106821E-03         2.9800000000000000E+02         1.3877787807814457E-17                 136                48932
                 198                98500         5.2529059958480590E-03         2.9800000000000000E+02         1.3877787807814457E-17                 142                49179
                 199                99000         5.2806111902716319E-03         2.9800000000000000E+02         1.3877787807814457E-17                 142                49429
                 200                99500         5.3060160240615091E-03         2.9800000000000000E+02         1.0000000000000002E-01                 142                49679
