                                                         Overall                                                       Volmer_fwd                                                       Volmer_rev                                                            Tafel                                                        Heyrovsky
configuration                    1                    0         0.0000000000000000E+00
        0.0000000000000000E+00         0.0000000000000000E+00         0.0000000000000000E+00         0.0000000000000000E+00         0.0000000000000000E+00
                             0                              0                              0                              0                              0
configuration                    2                 5000         9.7809219163420659E-05
        1.9561843832684133E-08         2.0064537466099433E-08         0.0000000000000000E+00         0.0000000000000000E+00         1.9032312346150130E-08
                          5000                           2565                              0                              0                           2435
configuration                    3                10000         1.9832364183484832E-04
        1.9832364183484832E-08         2.0286295107735654E-08         0.0000000000000000E+00         0.0000000000000000E+00         1.9365355922807839E-08
                         10000                           5071                              0                              0                           4929
configuration                    4                15000         2.9787158198038631E-04
        1.9858105465359086E-08         2.0369994712198955E-08         0.0000000000000000E+00         0.0000000000000000E+00         1.9337959940344265E-08
                         15000                           7560                              0                              0                           7440
configuration                    5                20000         3.9857974074889525E-04
        1.9928987037444764E-08         2.0472921053142293E-08         0.0000000000000000E+00         0.0000000000000000E+00         1.9378045820256655E-08
                         20000                          10064                              0                              0                           9936
configuration                    6                25000         5.0459045077840350E-04
        2.0183618031136142E-08         2.0656716089693592E-08         0.0000000000000000E+00         0.0000000000000000E+00         1.9705267979007635E-08
                         25000                          12569                              0                              0                          12431
configuration                    7                30000         6.0251375468890116E-04
        2.0083791822963370E-08         2.0622670342254170E-08         0.0000000000000000E+00         0.0000000000000000E+00         1.9540295169602518E-08
                         30000                          15064                              0                              0                          14936
configuration                    8                35000         7.0145325228261764E-04
        2.0041521493789074E-08         2.0554909446384628E-08         0.0000000000000000E+00         0.0000000000000000E+00         1.9523950794663531E-08
                         35000                          17571                              0                              0                          17429
configuration                    9                40000         8.0297009240099762E-04
        2.0074252310024940E-08         2.0578963127592841E-08         0.0000000000000000E+00         0.0000000000000000E+00         1.9565741912901685E-08
                         40000                          20075                              0                              0                          19925
configuration                   10                45000         9.0654555189543856E-04
        2.0145456708787525E-08         2.0624455502281590E-08         0.0000000000000000E+00         0.0000000000000000E+00         1.9663211045126653E-08
                         45000                          22576                              0                              0                          22424
configuration                   11                50000         1.0079037727808761E-03
        2.0158075455617522E-08         2.0639555697186326E-08         0.0000000000000000E+00         0.0000000000000000E+00         1.9673930087365184E-08
                         50000                          25069                              0                              0                          24931
configuration                   12                55000         1.1058633549226986E-03
        2.0106606453139975E-08         2.0581229602334361E-08         0.0000000000000000E+00         0.0000000000000000E+00         1.9629664946419816E-08
                         55000                          27567                              0                              0                          27433
configuration                   13                60000         1.2078119154351091E-03
        2.0130198590585152E-08         2.0594490252176670E-08         0.0000000000000000E+00         0.0000000000000000E+00         1.9663859541429500E-08
                         60000                          30066                              0                              0                          29934
configuration                   14                65000         1.3072910571327991E-03
        2.0112170109735371E-08         2.0550870733164430E-08         0.0000000000000000E+00         0.0000000000000000E+00         1.9671358657323831E-08
                         65000                          32578                              0                              0                          32422
configuration                   15                70000         1.4101931553334446E-03
        2.0145616504763494E-08         2.0575236447911866E-08         0.0000000000000000E+00         0.0000000000000000E+00         1.9714151379324765E-08
                         70000                          35075                              0                              0                          34925
configuration                   16                75000         1.5136436373634915E-03
        2.0181915164846552E-08         2.0601849130152313E-08         0.0000000000000000E+00         0.0000000000000000E+00         1.9760365551068575E-08
                         75000                          37572                              0                              0                          37428
configuration                   17                80000         1.6122135789923945E-03
        2.0152669737404933E-08         2.0582121162599000E-08         0.0000000000000000E+00         0.0000000000000000E+00         1.9721734144604559E-08
                         80000                          40069                              0                              0                          39931
configuration                   18                85000         1.7127007000427997E-03
        2.0149420000503527E-08         2.0552610861225057E-08         0.0000000000000000E+00         0.0000000000000000E+00         1.9744955895482717E-08
                         85000                          42567                              0                              0                          42433
configuration                   19                90000         1.8126034873465109E-03
        2.0140038748294564E-08         2.0529985521298064E-08         0.0000000000000000E+00         0.0000000000000000E+00         1.9748929069017403E-08
                         90000                          45067                              0                              0                          44933
configuration                   20                95000         1.9142763396158143E-03
        2.0150277259113835E-08         2.0522012551542616E-08         0.0000000000000000E+00         0.0000000000000000E+00         1.9777460406727156E-08
                         95000                          47569                              0                              0                          47431
