                                                         Overall                                                       Volmer_fwd                                                       Volmer_rev                                                            Tafel                                                        Heyrovsky
configuration                    1                    0         0.0000000000000000E+00
        0.0000000000000000E+00         0.0000000000000000E+00         0.0000000000000000E+00         0.0000000000000000E+00         0.0000000000000000E+00
                             0                              0                              0                              0                              0
configuration                    2                 5000         1.7582495580755794E-01
        3.5164991161511587E-05         3.5798505795795240E-05         3.3561065546047152E-05         0.0000000000000000E+00         3.4838358685366098E-05
                          5000                           2559                            645                              0                           1796
configuration                    3                10000         3.6063041456281308E-01
        3.6063041456281310E-05         3.6629653211330042E-05         3.5681830385351720E-05         0.0000000000000000E+00         3.5406023604715045E-05
                         10000                           5064                           1355                              0                           3581
configuration                    4                15000         5.4264719286050411E-01
        3.6176479524033607E-05         3.6526960167142682E-05         3.6652407144523642E-05         0.0000000000000000E+00         3.5504690041759610E-05
                         15000                           7558                           2048                              0                           5394
configuration                    5                20000         7.2811896416705058E-01
        3.6405948208352529E-05         3.6607315164697681E-05         3.7203767998830163E-05         0.0000000000000000E+00         3.5823145122313884E-05
                         20000                          10063                           2727                              0                           7210
configuration                    6                25000         9.1667009196310412E-01
        3.6666803678524166E-05         3.7063166197641276E-05         3.7325846188234370E-05         0.0000000000000000E+00         3.5866078001584004E-05
                         25000                          12558                           3415                              0                           9027
configuration                    7                30000         1.1016228042560274E+00
        3.6720760141867583E-05         3.7249576677100538E-05         3.6834804292781471E-05         0.0000000000000000E+00         3.5946230894067718E-05
                         30000                          15064                           4054                              0                          10882
configuration                    8                35000         1.2897594393758607E+00
        3.6850269696453160E-05         3.7372639508684073E-05         3.7039328641437288E-05         0.0000000000000000E+00         3.6059267695912673E-05
                         35000                          17555                           4723                              0                          12722
configuration                    9                40000         1.4792122990755896E+00
        3.6980307476889742E-05         3.7523727188696981E-05         3.7338947536306586E-05         0.0000000000000000E+00         3.6095934233020025E-05
                         40000                          20060                           5417                              0                          14523
configuration                   10                45000         1.6641544028222870E+00
        3.6981208951606381E-05         3.7612842082083837E-05         3.7335527877730860E-05         0.0000000000000000E+00         3.5977015493605495E-05
                         45000                          22556                           6103                              0                          16341
configuration                   11                50000         1.8504254923263719E+00
        3.7008509846527439E-05         3.7727049383273844E-05         3.7097459768057787E-05         0.0000000000000000E+00         3.5987023143436331E-05
                         50000                          25059                           6728                              0                          18213
configuration                   12                55000         2.0283469061100563E+00
        3.6879034656546476E-05         3.7577279346074568E-05         3.7019049238161033E-05         0.0000000000000000E+00         3.5865577330934873E-05
                         55000                          27562                           7423                              0                          20015
configuration                   13                60000         2.2151333943198561E+00
        3.6918889905330938E-05         3.7645824336368117E-05         3.7123888238154195E-05         0.0000000000000000E+00         3.5842993769379931E-05
                         60000                          30064                           8083                              0                          21853
configuration                   14                65000         2.4004831347975975E+00
        3.6930509766116885E-05         3.7657796657211725E-05         3.7293031493423006E-05         0.0000000000000000E+00         3.5797533930645102E-05
                         65000                          32559                           8743                              0                          23698
configuration                   15                70000         2.5899751906022908E+00
        3.6999645580032726E-05         3.7690561908455800E-05         3.7439191098590509E-05         0.0000000000000000E+00         3.5885717639132553E-05
                         70000                          35065                           9455                              0                          25480
configuration                   16                75000         2.7757543826768964E+00
        3.7010058435691954E-05         3.7708892829630824E-05         3.7409852898553765E-05         0.0000000000000000E+00         3.5900741977453103E-05
                         75000                          37556                          10133                              0                          27311
configuration                   17                80000         2.9559724932555818E+00
        3.6949656165694772E-05         3.7604734306217639E-05         3.7398717641732149E-05         0.0000000000000000E+00         3.5883757947427045E-05
                         80000                          40059                          10780                              0                          29161
configuration                   18                85000         3.1430706318591950E+00
        3.6977301551284650E-05         3.7587457768348873E-05         3.7365409225678543E-05         0.0000000000000000E+00         3.5996803524028705E-05
                         85000                          42558                          11433                              0                          31009
configuration                   19                90000         3.3329534749311933E+00
        3.7032816388124374E-05         3.7620742446149999E-05         3.7527213862263580E-05         0.0000000000000000E+00         3.6043513281187939E-05
                         90000                          45057                          12113                              0                          32830
configuration                   20                95000         3.5230836202354201E+00
        3.7085090739320214E-05         3.7724477728270320E-05         3.7503515627943029E-05         0.0000000000000000E+00         3.6054477510587905E-05
                         95000                          47556                          12760                              0                          34684
