                                                         Overall                                                       Volmer_fwd                                                       Volmer_rev                                                            Tafel                                                        Heyrovsky
configuration                    1                    0         0.0000000000000000E+00
        0.0000000000000000E+00         0.0000000000000000E+00         0.0000000000000000E+00         0.0000000000000000E+00         0.0000000000000000E+00
                             0                              0                              0                              0                              0
configuration                    2                 5000         4.8037315093601377E-03
        9.6074630187202751E-07         9.8543523474607873E-07         0.0000000000000000E+00         0.0000000000000000E+00         9.3473927401907304E-07
                          5000                           2565                              0                              0                           2435
configuration                    3                10000         9.7177097494734917E-03
        9.7177097494734908E-07         9.9541497735035659E-07         9.2189514354140342E-07         0.0000000000000000E+00         9.4748536591780603E-07
                         10000                           5068                              2                              0                           4930
configuration                    4                15000         1.4565419519504332E-02
        9.7102796796695547E-07         9.9891261623429302E-07         7.5302944864610627E-07         0.0000000000000000E+00         9.4271718224945338E-07
                         15000                           7567                              3                              0                           7430
configuration                    5                20000         1.9548058475985071E-02
        9.7740292379925358E-07         1.0047110869423266E-06         7.5302944864610627E-07         0.0000000000000000E+00         9.4977472332965982E-07
                         20000                          10069                              3                              0                           9928
configuration                    6                25000         2.4661262084041714E-02
        9.8645048336166851E-07         1.0129651266778675E-06         7.5302944864610627E-07         0.0000000000000000E+00         9.5970422442776579E-07
                         25000                          12566                              3                              0                          12431
configuration                    7                30000         2.9549417518758080E-02
        9.8498058395860272E-07         1.0129090880575925E-06         7.5302944864610627E-07         0.0000000000000000E+00         9.5683865574119240E-07
                         30000                          15068                              3                              0                          14929
configuration                    8                35000         3.4631192464763524E-02
        9.8946264185038648E-07         1.0179950904214912E-06         6.0062101361387655E-07         0.0000000000000000E+00         9.6080762171927876E-07
                         35000                          17569                              5                              0                          17426
configuration                    9                40000         3.9577597242847783E-02
        9.8943993107119451E-07         1.0168215112547089E-06         5.0624686443870195E-07         0.0000000000000000E+00         9.6200596498319783E-07
                         40000                          20069                              6                              0                          19925
configuration                   10                45000         4.4433988852688913E-02
        9.8742197450419800E-07         1.0151381333044458E-06         5.0624686443870195E-07         0.0000000000000000E+00         9.5966152928257887E-07
                         45000                          22567                              6                              0                          22427
configuration                   11                50000         4.9395028629460332E-02
        9.8790057258920656E-07         1.0148624137427074E-06         5.0624686443870195E-07         0.0000000000000000E+00         9.6089024712098602E-07
                         50000                          25073                              6                              0                          24921
configuration                   12                55000         5.4275500326990758E-02
        9.8682727867255928E-07         1.0143561984953211E-06         5.0624686443870195E-07         0.0000000000000000E+00         9.5926096279750727E-07
                         55000                          27568                              6                              0                          27426
configuration                   13                60000         5.9113700087215872E-02
        9.8522833478693128E-07         1.0118320545568833E-06         5.0624686443870195E-07         0.0000000000000000E+00         9.5859797025264713E-07
                         60000                          30066                              6                              0                          29928
configuration                   14                65000         6.4142818896948881E-02
        9.8681259841459826E-07         1.0133270699579353E-06         5.0624686443870195E-07         0.0000000000000000E+00         9.6027257311626954E-07
                         65000                          32567                              6                              0                          32427
configuration                   15                70000         6.9132571356762276E-02
        9.8760816223946113E-07         1.0145013426934714E-06         5.0624686443870195E-07         0.0000000000000000E+00         9.6069141641907565E-07
                         70000                          35066                              6                              0                          34928
configuration                   16                75000         7.4079851823918311E-02
        9.8773135765224419E-07         1.0174890207619305E-06         5.0624686443870195E-07         0.0000000000000000E+00         9.5794593400791038E-07
                         75000                          37563                              6                              0                          37431
configuration                   17                80000         7.9081304493450341E-02
        9.8851630616812927E-07         1.0190162679906647E-06         7.8023117768726610E-07         0.0000000000000000E+00         9.5795571888897830E-07
                         80000                          40063                              8                              0                          39929
configuration                   18                85000         8.3887926299192173E-02
        9.8691677999049620E-07         1.0177986588522357E-06         7.0584086648991686E-07         0.0000000000000000E+00         9.5599189201387552E-07
                         85000                          42566                              9                              0                          42425
configuration                   19                90000         8.8909973061386635E-02
        9.8788858957096257E-07         1.0179684378719772E-06         6.6493129692616827E-07         0.0000000000000000E+00         9.5778555176026476E-07
                         90000                          45066                             10                              0                          44924
configuration                   20                95000         9.3799612795107998E-02
        9.8736434521166316E-07         1.0174270184622491E-06         6.6493129692616827E-07         0.0000000000000000E+00         9.5727710910392523E-07
                         95000                          47568                             10                              0                          47422
