                                                         Overall                                                       Volmer_fwd                                                       Volmer_rev                                                            Tafel                                                        Heyrovsky
configuration                    1                    0         0.0000000000000000E+00
        0.0000000000000000E+00         0.0000000000000000E+00         0.0000000000000000E+00         0.0000000000000000E+00         0.0000000000000000E+00
                             0                              0                              0                              0                              0
configuration                    2                 5000         6.8545548943839830E-04
        1.3709109788767965E-07         1.4061401846181287E-07         0.0000000000000000E+00         0.0000000000000000E+00         1.3338009531164171E-07
                          5000                           2565                              0                              0                           2435
configuration                    3                10000         1.3898692796430392E-03
        1.3898692796430392E-07         1.4216811524415129E-07         0.0000000000000000E+00         0.0000000000000000E+00         1.3571409357677958E-07
                         10000                           5071                              0                              0                           4929
configuration                    4                15000         2.0875098764975668E-03
        1.3916732509983779E-07         1.4275468933024165E-07         0.0000000000000000E+00         0.0000000000000000E+00         1.3552210015604052E-07
                         15000                           7560                              0                              0                           7440
configuration                    5                20000         2.7932813860704077E-03
        1.3966406930352040E-07         1.4347600605285346E-07         0.0000000000000000E+00         0.0000000000000000E+00         1.3580302547851067E-07
                         20000                          10064                              0                              0                           9936
configuration                    6                25000         3.5362136346918610E-03
        1.4144854538767444E-07         1.4476405760682309E-07         0.0000000000000000E+00         0.0000000000000000E+00         1.3809622674215110E-07
                         25000                          12569                              0                              0                          12431
configuration                    7                30000         4.2224686399306519E-03
        1.4074895466435508E-07         1.4452546205648081E-07         0.0000000000000000E+00         0.0000000000000000E+00         1.3694008298820222E-07
                         30000                          15064                              0                              0                          14936
configuration                    8                35000         4.9158452186208249E-03
        1.4045272053202358E-07         1.4405058782233551E-07         0.0000000000000000E+00         0.0000000000000000E+00         1.3682554019131916E-07
                         35000                          17571                              0                              0                          17429
configuration                    9                40000         5.6272840372184911E-03
        1.4068210093046229E-07         1.4421915810606046E-07         0.0000000000000000E+00         0.0000000000000000E+00         1.3711841597185690E-07
                         40000                          20075                              0                              0                          19925
configuration                   10                45000         6.3531498389170762E-03
        1.4118110753149059E-07         1.4453797261276076E-07         0.0000000000000000E+00         0.0000000000000000E+00         1.3780148810253768E-07
                         45000                          22576                              0                              0                          22424
configuration                   11                50000         7.0634770401755862E-03
        1.4126954080351173E-07         1.4464379608807055E-07         0.0000000000000000E+00         0.0000000000000000E+00         1.3787660808004715E-07
                         50000                          25069                              0                              0                          24931
configuration                   12                55000         7.7499862864053659E-03
        1.4090884157100665E-07         1.4423504175759112E-07         0.0000000000000000E+00         0.0000000000000000E+00         1.3756639413384439E-07
                         55000                          27567                              0                              0                          27433
configuration                   13                60000         8.4644506389610855E-03
        1.4107417731601808E-07         1.4432797354157802E-07         0.0000000000000000E+00         0.0000000000000000E+00         1.3780603282086841E-07
                         60000                          30066                              0                              0                          29934
configuration                   14                65000         9.1616090903272555E-03
        1.4094783215888085E-07         1.4402228416985866E-07         0.0000000000000000E+00         0.0000000000000000E+00         1.3785858727535255E-07
                         65000                          32578                              0                              0                          32422
configuration                   15                70000         9.8827559176882865E-03
        1.4118222739554695E-07         1.4419304121168194E-07         0.0000000000000000E+00         0.0000000000000000E+00         1.3815848238191743E-07
                         70000                          35075                              0                              0                          34925
configuration                   16                75000         1.0607745866478962E-02
        1.4143661155305281E-07         1.4437954519655425E-07         0.0000000000000000E+00         0.0000000000000000E+00         1.3848235530495669E-07
                         75000                          37572                              0                              0                          37428
configuration                   17                80000         1.1298532564921603E-02
        1.4123165706152003E-07         1.4424128988923381E-07         0.0000000000000000E+00         0.0000000000000000E+00         1.3821162305852090E-07
                         80000                          40069                              0                              0                          39931
configuration                   18                85000         1.2002755022998666E-02
        1.4120888262351371E-07         1.4403447913819313E-07         0.0000000000000000E+00         0.0000000000000000E+00         1.3837436310237591E-07
                         85000                          42567                              0                              0                          42433
configuration                   19                90000         1.2702882419508288E-02
        1.4114313799453654E-07         1.4387591879403095E-07         0.0000000000000000E+00         0.0000000000000000E+00         1.3840220744703530E-07
                         90000                          45067                              0                              0                          44933
configuration                   20                95000         1.3415414584788270E-02
        1.4121489036619231E-07         1.4382004353061137E-07         0.0000000000000000E+00         0.0000000000000000E+00         1.3860215753580123E-07
                         95000                          47569                              0                              0                          47431
