                                                         Overall                                                       Volmer_fwd                                                       Volmer_rev                                                            Tafel                                                        Heyrovsky
configuration                    1                    0         0.0000000000000000E+00
        0.0000000000000000E+00         0.0000000000000000E+00         0.0000000000000000E+00         0.0000000000000000E+00         0.0000000000000000E+00
                             0                              0                              0                              0                              0
configuration                    2                 5000         3.2307650914698616E-02
        6.4615301829397232E-06         6.5799033981742797E-06         6.1520075871481692E-06         0.0000000000000000E+00         6.3389888064436463E-06
                          5000                           2558                             19                              0                           2423
configuration                    3                10000         6.6195658202999969E-02
        6.6195658202999973E-06         6.8281453187935421E-06         6.7864987646208611E-06         0.0000000000000000E+00         6.4017581070519147E-06
                         10000                           5064                             49                              0                           4887
configuration                    4                15000         1.0043086006639916E-01
        6.6953906710932770E-06         6.8728940157296628E-06         7.5324984528251212E-06         0.0000000000000000E+00         6.5053898388233882E-06
                         15000                           7565                             68                              0                           7367
configuration                    5                20000         1.3456247934361534E-01
        6.7281239671807672E-06         6.8995652059614043E-06         7.0986684219847986E-06         0.0000000000000000E+00         6.5495708857892696E-06
                         20000                          10062                             90                              0                           9848
configuration                    6                25000         1.6887137938627886E-01
        6.7548551754511543E-06         6.9454253679873074E-06         6.7341990534013595E-06         0.0000000000000000E+00         6.5605508876509810E-06
                         25000                          12573                            107                              0                          12320
configuration                    7                30000         2.0285925682168399E-01
        6.7619752273894664E-06         6.9569890580357003E-06         6.7006730163143327E-06         0.0000000000000000E+00         6.5640679738803613E-06
                         30000                          15067                            125                              0                          14808
configuration                    8                35000         2.3731870431592664E-01
        6.7805344090264752E-06         6.9639144625387956E-06         6.7269490107044075E-06         0.0000000000000000E+00         6.5946628373490431E-06
                         35000                          17569                            137                              0                          17294
configuration                    9                40000         2.7233811356966436E-01
        6.8084528392416092E-06         6.9912391644451974E-06         6.6063693799539767E-06         0.0000000000000000E+00         6.6245200345252014E-06
                         40000                          20070                            151                              0                          19779
configuration                   10                45000         3.0678022933245869E-01
        6.8173384296101927E-06         6.9875965647708530E-06         6.6656894220195202E-06         0.0000000000000000E+00         6.6459606224005620E-06
                         45000                          22563                            186                              0                          22251
configuration                   11                50000         3.4116928603585522E-01
        6.8233857207171045E-06         7.0026976465641697E-06         6.3529275698354635E-06         0.0000000000000000E+00         6.6453620627778589E-06
                         50000                          25076                            203                              0                          24721
configuration                   12                55000         3.7573784481258604E-01
        6.8315971784106556E-06         7.0081556624207191E-06         6.3816648706354899E-06         0.0000000000000000E+00         6.6564124732108089E-06
                         55000                          27566                            222                              0                          27212
configuration                   13                60000         4.1016168938656800E-01
        6.8360281564427995E-06         7.0109148306471026E-06         6.2879105056675880E-06         0.0000000000000000E+00         6.6633076228865616E-06
                         60000                          30069                            237                              0                          29694
configuration                   14                65000         4.4500511309135821E-01
        6.8462325090978186E-06         7.0230907680964035E-06         6.2595999776563789E-06         0.0000000000000000E+00         6.6719069059662600E-06
                         65000                          32565                            255                              0                          32180
configuration                   15                70000         4.7901219867752171E-01
        6.8430314096788811E-06         7.0090166089213078E-06         6.4091604279348932E-06         0.0000000000000000E+00         6.6784901273035571E-06
                         70000                          35072                            276                              0                          34652
configuration                   16                75000         5.1326365877918334E-01
        6.8435154503891114E-06         7.0169824858223426E-06         6.5087614935979479E-06         0.0000000000000000E+00         6.6706836891034294E-06
                         75000                          37564                            284                              0                          37152
configuration                   17                80000         5.4731323361150375E-01
        6.8414154201437964E-06         7.0143150215101231E-06         6.6290880985406895E-06         0.0000000000000000E+00         6.6682278683503462E-06
                         80000                          40068                            307                              0                          39625
configuration                   18                85000         5.8228182878712476E-01
        6.8503744563191148E-06         7.0167455087540486E-06         6.6471971368968642E-06         0.0000000000000000E+00         6.6837334490834960E-06
                         85000                          42570                            324                              0                          42106
configuration                   19                90000         6.1783277589114405E-01
        6.8648086210127120E-06         7.0321245875530578E-06         6.5199601219608427E-06         0.0000000000000000E+00         6.6982966101869928E-06
                         90000                          45077                            347                              0                          44576
configuration                   20                95000         6.5264770763501201E-01
        6.8699758698422319E-06         7.0324302555957470E-06         6.5819912391557430E-06         0.0000000000000000E+00         6.7080075463216642E-06
                         95000                          47571                            366                              0                          47063
